0.000000
0.000000
0.000000
0.000000
0.000000
0.000000
0.000000
0.000000
0.000000
0.000000
0.000000
0.000000
0.000000
0.000000
0.000000
-0.114163
-0.155269
-0.193217
-0.274437
0.000000
0.137328
0.000000
0.091039
0.059170
-0.141281
-0.061647
-0.008955
-0.078000
-0.019973
0.038573
-0.093254
-0.048738
-0.043115
-0.037830
-0.036298
-0.046847
-0.042770
-0.029122
-0.031325
-0.040117
-0.056851
-0.142491
-0.079479
-0.084859
-0.087427
-0.085891
-0.082784
-0.091303
-0.086917
-0.085490
-0.127974
-0.126876
-0.123151
-0.072705
-0.090430
-0.244563
0.000000
0.000000
0.000000
0.000000
0.084083
0.070335
0.068181
0.073473
0.081608
0.072135
0.060639
0.041875
-0.001049
-0.021913
0.032331
0.059324
0.094659
0.094666
0.151261
0.107592
-0.042036
-0.061144
-0.074728
-0.144257
0.040870
-0.010853
-0.052867
-0.136153
-0.243963
-0.349066
-0.385513
-0.539347
0.000000
0.000000
0.000000
0.000000
0.000000
0.146242
0.138073
0.130773
0.116846
0.117611
0.110564
0.101054
0.104190
0.099584
0.099814
0.082715
0.081762
0.083816
0.085418
0.101500
0.108745
0.117282
0.132155
0.000000
0.000000
0.000000
0.000000
0.000000
0.000000
0.000000
0.000000
0.176068
0.177524
0.165354
0.164259
0.171523
0.151036
0.137365
0.132729
0.124248
0.125163
0.121437
0.119126
0.110759
0.109115
0.110585
0.092175
0.072151
0.065257
0.060631
0.055751
0.056735
0.044323
0.048954
0.041983
0.071134
0.072791
0.105201
0.068162
0.071843
0.070880
0.137598
0.122731
0.214910
0.308291
0.489199
-0.189871
-0.124601
-0.117485
-0.171176
-0.193763
-0.375013
-0.381527
-0.392768
-0.335839
-0.354702
-0.385441
-0.372506
-0.354007
-0.348767
-0.382510
-0.395789
-0.371340
-0.377137
-0.375478
-0.175227
-0.111308
-0.086859
-0.142978
-0.135740
-0.152167
-0.088666
-0.132559
-0.074950
-0.141212
-0.160710
-0.143233
-0.147023
-0.153656
-0.153025
-0.209572
-0.175412
-0.148438
0.371852
0.443117
0.350656
0.386466
0.425207
0.438190
0.425807
0.439940
0.433600
-0.455674
1.070781
0.895625
0.828671
0.837082
-0.211553
-0.251466
-0.230879
-0.292395
-0.286716
-0.267521
-0.313277
-0.292728
-0.292557
-0.295995
-0.291412
-0.297437
-0.276940
-0.281408
-0.308354
-0.214612
-0.183652
-0.177343
-0.067102
-0.097405
-0.092502
-0.092017
-0.086314
-0.082104
-0.082442
-0.088966
-0.081460
-0.074581
-0.027844
-0.039475
-0.184013
-0.137699
-0.197307
-0.205873
-0.171843
-0.180988
-0.180824
-0.183380
-0.155995
-0.146993
-0.189056
-0.193248
-0.122871
-0.004053
-0.027160
-0.005386
-0.022257
0.009233
-0.013230
0.074008
0.075985
0.124339
0.038672
0.073922
0.076944
0.096017
0.065317
0.060243
-0.086647
-0.140151
-0.118921
-0.178275
-0.112949
-0.062720
-0.023581
-0.050930
-0.044036
-0.038130
-0.037231
-0.070297
-0.008839
-0.006280
-0.039229
-0.056936
-0.045444
-0.042683
-0.032086
-0.052794
-0.045736
-0.041389
-0.029715
-0.029066
-0.033628
-0.068155
-0.067637
-0.059053
-0.057907
-0.054318
-0.051436
-0.021726
0.022513
-0.011937
-0.013436
-0.025752
-0.056280
-0.047888
-0.037734
-0.037388
-0.036822
-0.033816
-0.036084
-0.027348
-0.026668
-0.022431
-0.014935
-0.067434
-0.054832
-0.054143
-0.058064
-0.057702
-0.059534
0.013538
0.012268
0.012322
-0.054819
-0.053704
-0.050381
0.023814
-0.048735
-0.045220
-0.083570
-0.057691
-0.056415
-0.054429
-0.056194
-0.053575
-0.052407
-0.053091
-0.050895
-0.048064
-0.050091
-0.041537
-0.036586
-0.033105
-0.035222
-0.028192
-0.023140
-0.022912
-0.014767
-0.013251
-0.011198
-0.007929
-0.074619
-0.039845
-0.003461
-0.067645
-0.064661
-0.020262
-0.043276
-0.003581
-0.047413
-0.045039
-0.067861
-0.057831
-0.020025
-0.054182
-0.067940
-0.024901
-0.039303
-0.045201
-0.025965
-0.031314
-0.021342
-0.056447
0.012560
-0.040306
0.016226
-0.038937
-0.037398
-0.056875
-0.046501
-0.062210
-0.040286
-0.002065
0.005949
-0.030673
-0.034566
-0.045911
-0.050588
-0.026998
-0.031303
-0.029657
-0.028817
-0.026220
-0.023224
-0.026648
-0.025335
-0.025005
-0.024946
-0.027556
-0.025742
-0.038120
-0.030813
-0.027870
-0.023734
-0.024144
-0.020360
-0.025371
-0.025325
-0.021505
-0.025216
-0.060844
-0.061669
-0.061643
-0.059642
0.010977
0.015719
0.012134
0.007441
0.011483
0.018011
-0.021343
0.018191
-0.037877
-0.104382
-0.064065
-0.244878
-0.500655
-0.683235
-0.842381
-0.914716
2.188743
2.187154
2.186128
2.190129
2.187037
-0.944107
2.195627
2.177251
2.183663
2.173227
2.167250
2.165836
2.164226
2.170677
2.152527
2.155797
2.162051
2.154505
2.159341
2.146142
2.155774
2.154178
2.179983
-0.782804
-0.783981
-0.782455
-0.781708
-0.791892
-0.802453
-0.812366
-0.808757
-0.810445
-0.806264
-0.809558
-0.796466
-0.785753
-0.767559
-0.770793
-0.773075
-0.769889
-0.764470
-0.765761
-0.755651
-0.759253
-0.756095
-0.665597
-0.573460
-0.575081
-0.586624
-0.584289
-0.583977
-0.602054
-0.586994
-0.581989
-0.576534
-0.584288
-0.574230
-0.571070
-0.567801
-0.558789
-0.546914
-0.540365
-0.538749
-0.528552
-0.516414
-0.516327
-0.510350
-0.506175
-0.506884
-0.504746
-0.519944
-0.500094
-0.505744
-0.497387
-0.172082
-0.087295
-0.026705
-0.201580
0.080968
-0.149450
-0.154971
0.687130
0.562948
-0.281130
0.161284
0.220089
0.161286
0.126621
0.142184
0.158547
0.076832
0.072790
0.075515
0.092100
0.110397
0.114053
0.120709
0.125417
0.129547
0.123050
-0.456859
-0.459493
0.040040
0.155019
0.164017
0.168913
0.073168
-0.407453
-0.400853
-0.404586
-0.406079
-0.407791
-0.402624
-0.392671
-0.398130
-0.397771
0.084403
0.081517
-0.396859
-0.404208
0.178457
-0.406625
0.189183
0.201211
0.200451
-0.275879
-0.274532
-0.278508
-0.327702
0.337510
0.109904
-0.431735
-0.450067
-0.456401
-0.387212
0.000000
0.000000
0.000000
0.000000
0.000000
0.000000
0.000000
-0.397558
-0.434347
-0.095459
0.001883
-0.397536
-0.351041
-0.350020
-0.314634
-0.309681
-0.312195
-0.311651
-0.393020
-0.312416
-0.318198
-0.322710
-0.317600
-0.360110
-0.311866
-0.313769
-0.316901
-0.319268
-0.318350
-0.346939
-0.310515
-0.319798
-0.337357
-0.351240
-0.314362
-0.382317
-0.303724
-0.306256
-0.314589
-0.314133
-0.316213
-0.362675
-0.354026
0.383593
-0.167757
-0.171444
0.023220
0.012932
-0.090823
-0.039780
-0.030675
-0.156805
-0.122376
-0.122653
-0.101413
-0.053544
-0.092511
-0.049664
-0.087781
-0.092144
-0.087811
-0.096012
-0.093669
-0.049374
-0.094940
-0.029279
-0.040885
-0.046089
-0.052020
-0.057485
-0.032242
-0.033504
-0.032580
-0.039724
-0.036149
-0.032854
-0.034194
-0.032297
-0.038417
-0.040270
-0.041208
-0.042317
-0.065469
-0.030850
-0.038620
-0.018060
-0.001335
-0.007032
-0.010071
-0.010300
-0.011331
-0.012962
0.023785
-0.024918
-0.029340
-0.029349
-0.034360
0.032602
-0.047612
-0.013190
-0.010252
-0.019298
-0.040021
-0.031388
-0.051687
-0.079280
0.000000
0.000000
0.000000
0.000000
0.000000
0.000000
0.000000
0.134943
0.117654
0.092845
-0.020866
0.034185
-0.037464
0.041045
-0.019937
-0.010838
-0.005525
0.042352
0.007856
0.007685
0.014463
0.018669
0.018472
0.025544
0.028405
0.029127
0.024963
0.034643
-0.035080
-0.028056
-0.024040
-0.026388
-0.025344
-0.028448
-0.022806
-0.024905
-0.018695
-0.017085
-0.011674
-0.007195
-0.002037
-0.001842
-0.001108
0.003576
0.043862
0.013795
0.007309
-0.053768
-0.008119
-0.040753
-0.041034
0.012629
0.088231
0.014454
-0.071055
-0.003747
-0.046933
-0.080802
0.119276
-0.040436
-0.095373
-0.100524
-0.077181
-0.137196
-0.139728
-0.143696
0.073871
0.091976
-0.082994
-0.084134
-0.089962
0.006272
0.004007
-0.000629
-0.148766
-0.013892
0.022478
0.012177
0.012510
0.010705
0.007076
0.005818
0.000013
-0.003486
-0.004303
-0.006043
-0.008730
-0.012787
-0.018452
-0.019257
-0.019079
-0.025219
-0.027002
-0.031648
-0.032916
-0.033335
0.005568
-0.032937
-0.034191
-0.034985
0.003061
0.000949
0.001140
0.001500
0.001641
0.002333
-0.136982
-0.138972
-0.000746
-0.001058
0.000604
0.003432
0.002804
0.000603
0.001619
-0.005299
0.038884
-0.115648
-0.000999
-0.017406
-0.045195
-0.043783
-0.042395
-0.045167
-0.031768
-0.310961
-0.576497
-0.575552
-0.525284
-0.081648
-0.013442
0.012639
0.051328
-0.019853
0.026047
0.041830
0.041452
0.037572
-0.011366
0.035340
0.011077
0.051987
0.015402
-0.009917
-0.033974
-0.037370
0.070329
0.031193
-0.030344
0.018280
0.026709
0.026233
0.029344
0.032151
-0.029686
-0.015462
0.032070
0.024818
0.000000
0.000000
0.078445
0.051201
0.017913
-0.137940
-0.030617
-0.048069
-0.041719
-0.025826
-0.021686
-0.024082
-0.027848
-0.015437
-0.015131
-0.014456
-0.016110
0.037800
0.047339
0.049797
-0.067253
-0.055745
-0.154860
-0.175303
-0.173863
-0.131775
-0.085952
-0.127664
-0.127048
-0.160565
-0.160953
-0.171265
-0.143000
-0.167505
-0.090041
-0.097166
-0.088921
-0.117513
-0.158544
-0.115899
-0.072156
-0.108496
-0.130685
-0.118578
-0.115666
-0.112857
-0.144169
-0.140479
-0.142012
-0.139969
-0.094786
-0.116108
-0.147652
-0.157629
-0.133949
-0.164151
-0.166959
-0.085237
-0.162117
-0.157132
-0.104540
-0.137413
-0.133211
-0.130296
-0.050135
-0.106230
-0.194434
-0.067086
-0.109321
-0.102995
-0.103059
-0.106296
-0.109140
-0.066086
-0.067568
-0.151938
-0.150432
-0.152934
-0.083628
-0.088083
-0.077969
-0.164973
-0.135211
-0.171318
-0.136777
-0.133217
-0.169244
-0.121902
-0.081796
-0.082954
-0.134469
-0.131728
-0.137726
-0.066768
-0.064137
-0.056958
-0.135820
-0.058715
-0.134285
-0.137019
-0.100473
-0.101210
-0.112338
-0.111236
-0.124801
-0.089968
-0.045187
-0.093415
-0.097786
-0.141174
-0.138841
-0.137614
-0.098621
-0.094137
-0.094232
-0.091221
-0.122859
-0.126077
-0.120049
-0.029120
-0.018125
-0.025916
0.008383
0.007113
0.009194
0.015291
-0.065880
0.016384
0.006558
0.001539
-0.037740
0.010855
-0.026458
-0.022764
-0.019878
-0.021236
-0.012517
-0.011349
-0.011255
-0.004351
-0.011004
-0.008407
-0.006182
-0.002835
-0.004103
0.000402
-0.004409
-0.000214
-0.006731
0.000571
-0.120185
-0.009322
0.078385
-0.000662
-0.017079
-0.000675
-0.010144
-0.009417
-0.014688
-0.021838
-0.029556
-0.033306
-0.038565
-0.032451
-0.035370
0.001101
-0.000869
-0.001731
-0.006271
0.020181
0.025499
0.012000
0.052433
0.013965
0.011463
0.010436
-0.023618
-0.031134
-0.026139
-0.030481
-0.026300
-0.023408
-0.022010
-0.022541
-0.022772
0.115302
0.136077
0.096915
0.101867
0.061052
0.220111
0.107360
0.104789
0.151447
0.196023
0.250002
0.200512
0.252757
0.201416
0.206627
-0.002505
0.279994
0.232057
0.234883
0.033420
0.242594
0.249422
0.204235
0.301514
0.251110
0.253809
0.251599
0.312426
0.261120
0.267666
0.245603
0.246608
0.203550
0.205079
0.210270
0.213686
0.278481
0.227385
-0.056658
-0.041180
-0.050373
-0.070706
-0.058843
-0.029737
-0.045187
-0.053079
0.007765
-0.001218
0.001888
0.004592
0.010772
0.007071
-0.031873
0.008698
-0.020164
0.030604
-0.025911
0.147189
-0.041621
-0.047144
0.006917
0.125138
0.000000
0.000000
0.081507
0.024071
-0.022213
0.028423
0.035653
0.027777
0.001422
0.171510
0.176193
0.128779
0.080076
0.065683
0.112634
0.103812
0.081341
0.076599
0.098594
0.031464
0.040839
0.042840
0.087897
0.065082
0.129265
0.003934
0.060487
0.032568
0.030376
0.022157
0.028315
0.014276
-0.026998
0.010932
0.043987
0.063687
0.068268
0.045373
0.069018
0.057296
0.052656
0.038479
0.043883
-0.002589
-0.013905
0.067737
0.070756
0.002426
0.044093
0.024864
0.056203
0.045862
0.054872
0.045999
0.039968
0.052994
0.076343
0.072188
0.019064
0.045045
0.079043
0.063596
0.035997
0.028074
0.021230
0.060055
0.085281
0.079908
0.073282
0.069440
0.118091
0.066669
0.059000
0.082325
0.070220
-0.027368
0.117256
0.011007
0.004124
0.162783
-0.027094
-0.062136
-0.024777
-0.006200
-0.034836
0.096588
0.136271
0.089435
0.036105
0.055681
0.052327
0.109949
-0.002694
-0.000092
0.007626
-0.020890
0.005873
-0.005858
0.027270
0.139641
-0.033379
-0.003353
0.015995
-0.044529
-0.020743
-0.016229
-0.074389
-0.006307
-0.005951
0.096553
0.175901
0.131145
0.122901
0.117541
0.099968
0.093021
0.091390
0.123309
0.139887
0.139309
0.125860
0.083592
-0.015784
-0.034224
0.009677
0.019206
0.092538
-0.014953
-0.014272
0.000000
0.000000
0.000000
0.000000
0.000000
0.000000
0.000000
0.000000
0.000000
0.000000
0.000000
0.000000
0.000000
0.000000
0.000000
0.000000
0.000000
0.000000
0.000000
0.000000
0.000000
0.000000
0.000000
0.000000
0.000000
0.000000
0.000000
0.000000
0.000000
0.000000
0.000000
0.000000
0.000000
0.000000
0.000000
0.000000
0.000000
0.000000
0.000000
0.000000
0.000000
0.000000
0.000000
0.000000
0.000000
0.000000
0.000000
0.000000
0.000000
0.000000
0.000000
0.000000
0.000000
0.000000
0.000000
0.000000
0.000000
0.000000
0.000000
0.000000
0.000000
0.000000
0.000000
0.000000
0.000000
0.000000
0.000000
0.000000
0.000000
0.000000
0.000000
0.000000
0.000000
0.000000
0.000000
0.000000
0.000000
0.000000
0.000000
0.000000
0.000000
0.000000
0.000000
0.000000
0.000000
0.000000
0.000000
0.000000
0.000000
0.000000
0.000000
0.000000
0.000000
0.000000
0.000000
0.000000
0.000000
0.000000
0.000000
0.000000
0.000000
0.000000
0.000000
0.000000
0.000000
0.000000
0.000000
0.000000
0.000000
0.000000
0.000000
0.000000
0.000000
0.000000
0.000000
0.000000
0.000000
0.000000
0.000000
0.000000
0.000000
0.000000
0.000000
0.000000
0.000000
0.000000
0.000000
0.000000
0.000000
0.000000
0.000000
0.000000
0.000000
0.000000
0.000000
0.000000
0.000000
0.000000
0.000000
0.000000
0.000000
0.000000
0.000000
0.000000
0.000000
0.000000
0.000000
0.000000
0.000000
0.000000
0.000000
0.000000
0.000000
0.000000
0.000000
0.000000
0.000000
0.000000
0.000000
0.000000
0.000000
0.000000
0.000000
0.000000
0.000000
0.000000
0.000000
0.000000
0.000000
0.000000
0.000000
0.000000
-0.095038
-0.078104
0.093922
-0.053304
0.029871
-0.021734
-0.031239
-0.009363
0.012077
-0.058371
-0.061032
0.035246
0.007391
0.059824
0.039031
-0.033441
0.003866
-0.040356
0.013146
0.007159
0.000000
0.000000
0.000000
0.000000
0.000000
0.000000
0.000000
0.000000
0.000000
0.000000
0.000000
0.000000
0.000000
0.000000
0.000000
0.000000
0.000000
0.000000
0.000000
-0.094179
-0.164611
-0.096300
0.000000
0.000000
0.000000
0.000000
0.000000
0.000000
0.000000
0.000000
0.000000
0.000000
0.000000
0.000000
0.000000
0.000000
0.000000
0.000000
0.000000
0.000000
0.000000
0.076631
-0.335941
-0.177615
-0.191359
0.028493
0.017349
-0.012771
0.075468
0.048309
0.021517
-0.035059
-0.029401
0.072085
-0.015196
-0.042477
-0.024872
-0.026662
-0.039417
0.008523
0.046775
0.000000
0.000000
0.000000
-0.039975
-0.085810
0.006680
-0.035172
-0.065977
-0.080704
-0.061075
0.051020
0.050277
0.050673
0.037124
0.006398
0.086247
-0.061101
-0.036083
-0.042772
-0.048737
-0.052066
-0.059598
0.037542
-0.030969
-0.040054
-0.051799
-0.039136
-0.027086
-0.011748
-0.027494
0.020056
0.027286
0.054561
0.003753
-0.004924
-0.014399
0.017292
0.071721
0.036628
0.019662
0.065068
0.033737
0.042459
0.042396
0.037296
-0.020624
0.030089
0.020380
0.004257
0.012610
0.039263
-0.143466
0.021267
-0.082783
-0.428454
0.000000
0.000000
0.000000
0.000000
0.000000
0.000000
0.000000
0.000000
0.000000
0.000000
0.000000
0.000000
0.000000
0.000000
0.000000
0.000000
0.000000
0.000000
0.000000
0.000000
0.000000
0.000000
0.000000
0.174510
0.183455
0.095476
0.110657
0.065809
0.072137
0.074887
0.085283
0.082695
0.081967
0.078944
0.081647
0.087012
0.077011
0.021193
0.056153
-0.033986
-0.090937
0.037136
0.012124
0.070437
-0.029698
0.006396
0.009580
0.066484
0.069540
-0.005363
0.060263
0.024118
0.024806
-0.018830
0.025643
-0.007999
-0.002849
0.012167
0.019090
0.022482
0.028442
0.028433
0.025294
0.016684
0.015962
0.061339
0.018662
-0.012393
0.026281
0.021408
0.017798
-0.037839
-0.004352
0.032797
0.010327
0.025451
0.026713
0.012751
0.009580
0.004109
0.036882
0.065263
0.036977
0.079958
0.072698
0.064450
0.056732
0.067843
0.066795
0.058942
0.046349
0.038572
0.017484
0.032679
-0.039773
-0.052079
-0.063925
-0.039767
-0.046327
-0.009833
-0.015779
-0.022889
-0.036591
-0.000674
-0.003238
-0.009073
-0.017949
-0.027751
-0.034769
-0.002525
-0.012303
-0.015950
-0.027303
-0.038143
-0.004735
-0.009832
-0.017907
-0.025948
-0.030262
0.004691
-0.038792
0.040838
0.043127
0.037931
0.127449
0.299092
0.098308
0.138726
0.131151
0.204360
0.105176
0.037166
0.068309
0.113960
0.102875
0.090557
0.032863
0.026696
0.115938
0.112453
0.109051
0.100745
0.043078
0.030206
0.066645
0.039767
0.040103
0.042408
0.032431
0.025286
0.023408
0.018410
0.057443
0.016845
0.017142
0.039232
0.035376
0.061658
0.052585
0.049191
0.041530
0.035987
0.033848
0.022681
0.058579
0.058657
0.053967
0.124327
0.103589
0.033621
0.026605
0.018093
0.063416
0.050271
0.051253
0.041839
0.038719
0.038059
0.017945
0.006328
-0.007442
-0.010433
-0.018967
0.016220
0.006751
0.003356
0.000776
-0.014345
-0.020331
-0.022783
0.022017
0.015562
-0.000716
-0.010203
-0.009646
0.031842
-0.019241
0.022413
0.021396
-0.030133
0.009633
-0.036013
0.013671
-0.022831
0.021506
0.015554
0.018907
0.012568
0.010055
0.003157
0.000020
-0.009580
0.030707
0.014731
0.007802
0.007367
0.000243
0.023459
0.027268
0.023691
0.018633
0.013247
0.011728
0.015519
0.020305
0.019836
0.010467
0.004381
0.004674
-0.000460
-0.001075
0.065612
0.065566
0.055875
0.023423
0.053111
0.048343
0.046360
0.044083
0.041275
0.033701
0.032217
0.024879
0.020723
0.022835
0.014881
0.042792
0.036474
0.034382
0.033968
0.030305
0.026719
0.025899
0.022975
0.023631
0.024837
0.014841
0.016500
0.047391
0.021990
-0.012815
-0.022634
-0.020208
-0.030404
-0.033240
0.020385
0.007611
0.050223
0.040669
0.035378
0.029444
0.025492
0.051375
0.049264
0.043213
0.036893
0.076478
0.034252
0.068000
0.068492
0.061403
0.059424
0.061366
0.060226
0.058664
0.059430
0.053380
0.051947
0.054700
0.046392
0.037426
0.037171
0.020935
0.083637
0.047334
0.044639
0.040260
0.038307
0.012606
0.035729
-0.035932
-0.050256
-0.056269
-0.025533
0.038418
0.037524
-0.037086
0.025467
0.027130
0.049476
0.030571
0.029534
-0.017224
-0.019314
0.025964
0.062008
0.064987
0.064919
0.059479
0.029068
-0.011725
-0.009950
-0.017351
-0.009665
-0.017281
0.005760
0.009603
-0.011046
0.020172
0.014179
0.006435
0.011770
-0.059607
-0.024731
-0.083826
-0.086765
-0.042961
-0.021758
0.021960
-0.046163
-0.045611
-0.034333
-0.035138
-0.039855
-0.000057
-0.047565
-0.051228
-0.099715
-0.086733
-0.022341
-0.044050
-0.037192
-0.023845
-0.043036
-0.044287
-0.010001
0.010200
-0.000404
-0.025577
0.015853
-0.003615
-0.022959
-0.018268
-0.014327
-0.046357
-0.052342
-0.029621
-0.035164
-0.051398
-0.068526
-0.048049
-0.029003
-0.106186
-0.122910
-0.055298
-0.038673
-0.091561
-0.107748
-0.148689
-0.127006
-0.256104
-0.232881
-0.325388
-0.258059
-0.362183
-0.341179
-0.303829
-0.192072
-0.330068
-0.142637
-0.169898
-0.078200
-0.080436
-0.063919
-0.106415
-0.004009
0.028618
0.017519
-0.000934
0.027474
0.022257
0.014041
-0.033852
-0.051970
-0.050772
-0.013958
-0.016818
-0.011195
-0.017100
-0.027490
-0.029720
-0.031577
0.017855
0.045580
0.042634
-0.016743
-0.003025
-0.046095
-0.012992
-0.065161
-0.084810
0.017604
-0.065726
-0.049810
-0.054522
-0.101471
-0.072356
-0.020116
-0.007802
-0.039960
-0.026187
-0.079995
-0.103762
-0.031063
-0.021347
0.036227
0.014933
-0.008087
0.009272
0.028095
0.059309
0.003888
0.042717
0.039894
0.072663
0.038333
0.073461
0.054094
0.050342
0.051746
0.035513
0.075065
0.063495
0.057777
0.057843
0.054878
0.045640
0.090762
0.087966
0.084034
0.068683
0.031962
0.075803
0.075758
0.024090
0.023012
0.007274
-0.007024
0.021280
0.020604
0.256920
0.227091
0.247228
0.281059
0.246762
0.179928
0.221457
0.211543
0.210243
-0.002457
0.021734
0.007309
0.044973
0.054659
-0.039238
-0.056314
-0.062119
-0.023518
-0.042466
-0.044753
-0.007352
-0.011915
-0.019926
0.016300
-0.008775
0.191842
0.226854
0.171322
0.220291
0.240446
0.191929
0.186618
0.169409
0.130243
0.110284
0.172150
0.060269
0.049780
0.050266
0.118430
0.075335
0.066194
0.101930
0.095491
0.076608
0.105599
0.068179
0.115088
0.081380
0.043478
0.080280
0.087544
0.068730
0.075157
0.073953
0.057670
0.097681
0.079923
0.067239
0.082991
0.068872
0.086645
0.083144
0.093101
0.089347
0.083506
0.062935
0.056143
0.106640
0.071806
0.087680
0.104883
0.058604
0.029191
0.064308
0.010941
0.055773
0.021542
0.013629
-0.030237
0.028173
0.020735
0.008691
-0.027989
-0.044057
-0.096785
-0.074847
-0.062871
-0.120219
-0.039042
-0.007807
-0.064832
-0.032344
-0.046469
-0.028890
-0.098252
-0.072202
-0.084610
-0.143809
-0.023288
0.031328
0.002276
0.021037
-0.013259
0.003607
0.043843
0.044399
0.032375
0.004829
0.006121
-0.004558
0.070043
0.075657
0.128541
0.099033
0.119168
0.111142
0.113937
0.090134
0.114992
0.083927
0.024915
0.055376
0.062851
0.007976
0.010259
0.029010
0.006338
0.047001
0.101471
0.221929
0.281465
0.197835
-0.039626
-0.049863
-0.030148
-0.072708
0.010235
-0.019442
0.235623
0.259014
0.224504
0.190729
-0.110300
-0.091715
0.150973
0.072980
0.137093
0.134400
0.114284
0.118177
0.140353
0.138010
0.115153
0.136004
0.182648
0.176200
0.179630
0.194010
0.161846
0.077743
0.072218
0.095988
0.056509
0.074791
0.074409
0.048223
0.000061
-0.006685
0.029895
0.048782
0.028639
-0.045792
0.022831
0.030329
0.019522
-0.073175
-0.034661
-0.050876
-0.056246
-0.065155
-0.062466
-0.073872
-0.063950
-0.073581
-0.065155
0.004548
0.012229
0.023505
0.015099
0.022935
-0.023117
0.010261
0.001087
0.003518
0.005770
0.038768
0.038308
0.041837
0.048427
0.061579
-0.024241
-0.007785
0.009132
0.019146
0.018333
0.099734
0.040703
0.047831
0.036526
0.005742
0.048243
0.108739
-0.106807
-0.083108
-0.048075
-0.060644
-0.059084
-0.094263
-0.058740
-0.064870
-0.075072
-0.074940
-0.081535
-0.082404
-0.085959
-0.091778
-0.087942
-0.090004
-0.088409
-0.046969
0.014677
-0.026072
-0.023574
-0.021647
-0.028153
-0.028015
-0.030961
-0.040353
-0.039697
-0.022901
0.017464
-0.029805
-0.031015
0.038392
0.037530
0.040493
-0.002231
0.032450
-0.050854
-0.012680
-0.053673
0.078690
-0.040029
0.007061
0.050517
0.050571
-0.031137
0.056450
0.017651
0.020412
-0.007715
-0.005390
-0.000009
0.039774
0.046175
0.047143
0.052381
0.052843
0.056044
0.051814
0.002706
0.005881
0.002680
0.002989
0.010718
0.006342
0.075919
0.040314
0.020845
0.020287
0.022169
0.022300
0.026149
0.027222
0.030116
0.031894
-0.001671
0.000506
-0.011995
0.035673
0.038697
0.039812
0.039853
0.042963
0.047274
0.047425
0.055204
0.001487
0.074375
0.014983
0.016186
0.023555
-0.008495
-0.009114
-0.007261
0.009684
0.008193
-0.029866
-0.022154
-0.015138
-0.004404
0.018531
0.019709
0.022221
0.024994
0.032318
0.037174
0.035139
0.034219
0.001961
0.004132
0.005427
-0.029746
-0.005580
-0.015597
-0.010291
-0.007457
-0.010777
0.018519
0.024958
0.030224
0.031110
0.042802
0.081290
0.057357
0.031912
0.035590
0.003719
0.007794
0.008311
0.010804
-0.026223
-0.025658
-0.022037
0.024362
0.029532
0.038349
0.041940
0.043665
0.050479
0.009950
0.001007
0.018734
-0.019963
-0.048575
0.050035
-0.125528
-0.073178
-0.077765
-0.067470
-0.113971
-0.059878
-0.062981
-0.075148
-0.120538
-0.115625
-0.084823
-0.102234
-0.084670
-0.095825
-0.084584
-0.026871
-0.060952
0.017605
-0.047536
0.034269
-0.042680
-0.000631
-0.045359
-0.043211
0.026999
-0.016941
-0.015557
0.034991
0.035917
0.038375
0.034153
0.040625
0.014657
-0.032195
-0.068631
-0.088965
0.029940
0.074519
0.125798
0.110577
0.083608
0.051790
0.035419
-0.056865
-0.028019
0.014613
0.020418
0.006894
-0.001556
0.005713
0.023460
-0.011837
-0.012529
-0.011801
-0.000395
-0.026429
-0.012376
0.020437
-0.011295
0.000578
0.011432
-0.009671
-0.037830
-0.061486
-0.006116
-0.070996
-0.061944
-0.048251
-0.045152
-0.054209
-0.040485
-0.042021
-0.035125
-0.036117
-0.033399
-0.047675
0.029646
-0.040893
-0.030791
-0.022144
-0.016008
-0.013690
-0.014169
0.016115
0.011410
-0.023591
0.016168
0.017649
0.025259
0.032732
0.034127
0.073266
0.074667
0.076729
0.077632
0.074479
0.072084
0.069949
0.069331
0.064951
0.056855
0.057609
0.000700
0.003679
0.004993
-0.007578
0.006292
0.009292
0.033720
-0.055523
-0.067418
-0.101945
-0.060621
-0.054844
-0.065440
-0.019844
-0.020570
-0.026588
-0.026508
-0.032003
-0.036468
-0.001842
-0.042953
-0.056992
-0.067839
-0.075511
-0.027007
0.013063
0.005433
-0.001262
-0.008512
-0.020220
0.023531
0.008137
0.005000
-0.008396
-0.012279
0.022351
0.018916
0.000664
0.007915
0.044051
-0.028155
-0.031420
0.004064
-0.002844
-0.012811
0.016747
0.011561
-0.036102
0.024766
0.064230
-0.010688
-0.017512
-0.020972
0.009738
0.003039
0.000134
-0.010086
-0.013451
-0.033570
0.028783
0.055907
0.056503
0.048360
0.079540
0.069685
0.017961
-0.013050
-0.019333
0.003806
-0.003408
-0.011301
0.018651
0.016501
0.006372
0.011032
0.017626
-0.000771
0.000524
-0.009534
-0.019787
0.009357
0.000360
0.036762
0.025352
0.013500
0.047350
0.069889
0.060324
0.034457
0.058460
0.085761
0.059490
-0.095411
-0.204389
-0.182624
-0.073458
-0.011581
0.043407
-0.000474
-0.000150
-0.197130
0.000000
0.000000
0.056137
0.017568
0.007682
-0.005193
0.003156
0.016179
-0.001221
-0.024149
-0.002169
0.017495
0.036567
0.057312
0.045643
0.071301
0.057760
0.084959
0.072129
0.113470
0.066132
0.026913
0.047389
0.038397
0.068258
0.046647
0.074160
0.102544
0.090209
0.126412
0.112865
0.143915
0.090780
0.121976
0.119728
0.141384
0.136657
0.072561
0.027055
0.038466
0.027423
0.013730
0.040298
0.025419
0.050657
0.073961
0.066383
0.034514
0.054451
0.043289
0.076018
0.068397
0.095803
0.086777
0.079220
0.106339
0.105119
0.073694
0.043654
0.049622
0.039286
0.043443
0.031207
0.059809
0.048784
0.066019
0.026464
0.082901
0.039626
0.061722
0.053067
0.072728
0.061693
0.090761
0.084719
0.109318
0.103158
0.046587
0.021284
0.012368
0.034305
0.017753
0.043051
0.030369
0.021405
0.053415
0.014175
0.071893
0.033378
0.093783
0.037095
0.022446
0.009388
0.002726
0.035218
0.019798
0.046730
0.076170
0.069327
-0.041244
-0.014292
0.009279
-0.002286
0.019850
0.051619
0.012241
-0.006456
0.016298
0.008787
-0.006846
-0.017163
-0.029502
-0.003416
-0.012366
-0.019830
0.046155
0.073431
-0.005315
-0.032124
-0.008135
-0.015198
0.007731
-0.003502
0.020494
0.008037
0.032229
0.020318
0.050461
0.038395
0.068767
0.056675
0.050545
0.057821
-0.023274
-0.011022
-0.013897
-0.028209
-0.002376
0.025355
0.052462
0.046378
0.073883
0.036886
0.024549
0.014931
0.049784
0.036568
0.022870
0.048210
0.043632
0.079103
0.025531
-0.004795
0.003994
0.027440
0.054371
0.032560
0.062180
0.050391
0.080256
0.058321
0.088479
0.081972
0.009439
-0.006996
0.019484
0.001091
0.023776
0.016130
0.040355
0.034265
0.064199
0.050027
0.084492
0.081282
-0.024469
-0.016871
0.003581
-0.010682
0.018504
0.004085
0.026686
0.062114
0.050209
0.073882
0.067170
0.053189
0.079639
0.071972
0.037262
0.028356
0.089948
0.010902
0.058208
0.045705
0.071468
0.056095
0.050258
0.072020
0.061286
0.085039
0.072854
0.036349
0.066123
0.054661
0.042373
0.026119
0.036415
0.034027
-0.017419
0.000883
0.045231
0.005201
0.055709
0.037344
0.006055
0.030773
0.019149
0.044706
0.064681
0.056089
0.084010
0.069753
0.077434
0.023801
0.000893
0.044070
-0.000891
0.022796
0.013876
0.042949
0.072130
0.052623
0.067948
0.052831
0.081484
0.015907
0.050094
0.027856
0.054210
0.047706
-0.034302
0.014616
0.005264
0.032947
0.048618
0.071186
0.054868
0.079311
0.060515
0.050709
0.077504
0.071773
0.088040
0.009465
0.007492
0.010033
0.016229
-0.003959
0.020500
0.039037
0.027042
0.049963
0.068405
0.093561
0.075108
0.064345
0.084514
0.106670
0.022512
0.013183
-0.023011
-0.033092
0.006087
-0.014963
0.002744
0.019459
0.050556
0.070996
0.091165
0.077422
0.061049
0.040323
-0.011859
0.016019
0.038586
0.020190
0.007953
0.036989
0.066809
0.087094
0.019678
0.001899
-0.013490
0.048705
0.023740
0.047006
0.032158
0.015117
0.077460
0.035268
0.015954
0.009786
-0.008208
0.015662
0.000131
0.035678
-0.009028
-0.015530
0.035425
0.054249
0.083348
0.109863
0.093197
0.047651
0.081015
0.065916
0.083208
0.098494
0.084663
0.084533
0.016338
0.031810
0.048771
0.029052
0.049304
0.036219
0.053603
0.043766
0.043277
0.024709
0.084611
0.063299
0.054341
0.048433
0.046550
0.011338
0.065840
0.042477
0.018904
0.070052
0.083548
0.060626
0.038359
0.058107
0.019136
-0.014521
0.054439
0.073220
0.059836
0.082928
0.098462
0.056084
0.042238
0.057777
0.083815
0.069890
0.070020
0.033410
0.040703
0.020485
0.044409
0.062504
0.045465
0.070335
0.051592
0.077872
0.039416
0.054853
0.021470
0.018915
0.004211
0.022881
0.005877
0.075231
0.058316
0.086579
0.066932
0.092359
0.073760
0.094980
0.078800
0.110911
0.092941
0.095651
0.046445
0.050901
-0.008308
0.018889
0.039616
0.057195
0.051737
0.075724
0.063110
0.089046
0.115220
0.107239
0.093097
0.119460
0.107051
0.069496
0.127692
0.077759
0.059497
0.079739
0.070280
0.044812
0.075600
0.108074
0.095564
0.095068
0.126773
0.099400
0.099349
0.134019
0.124350
0.107700
0.105105
0.051983
-0.017006
0.077711
0.078158
0.063708
0.061815
0.065639
0.014474
0.045798
0.067358
0.086441
0.100404
0.111684
0.131697
0.096085
0.127947
0.078657
0.074568
0.007042
-0.041559
-0.041043
-0.077703
-0.071239
-0.039648
-0.068381
-0.080904
0.001740
0.025756
0.006948
0.146919
0.160943
0.194672
0.133558
0.168485
0.075076
0.105972
0.080714
0.124101
0.088397
0.121223
0.163600
0.111141
0.081696
0.086258
0.024594
0.065942
0.045633
0.076160
0.049725
0.001951
0.031748
0.087457
0.140562
0.109662
0.107854
0.127704
0.111700
0.109774
0.093207
0.061181
0.050703
0.055197
0.077135
0.050036
0.006376
0.046225
0.083938
0.067078
0.062315
0.045255
0.055003
0.052752
0.064570
0.027185
0.018055
0.041096
0.055787
0.047389
0.026218
0.059323
0.093582
0.067946
0.055685
0.065494
0.081316
0.066775
0.049994
0.037181
0.024842
0.078508
0.056335
0.052422
0.073634
0.064525
0.064073
0.047169
0.077221
0.063397
0.048388
0.045186
0.040795
0.068383
0.034912
0.031005
0.091578
0.081578
0.072318
0.066615
0.064394
0.011469
0.006324
-0.003423
0.048374
0.041734
0.029745
0.063425
-0.008304
0.044754
0.033527
0.072530
0.058340
0.050763
0.064377
0.029362
0.050621
0.041602
0.071403
0.068266
0.061387
0.058040
0.053130
0.048860
0.040735
0.033725
0.057081
0.031076
0.022740
0.085968
0.037950
0.033502
0.026448
0.026314
0.062377
0.053666
0.052584
0.042705
0.041340
-0.002197
0.058948
-0.003233
0.060324
0.050866
0.026358
0.045637
0.048338
0.045377
0.046311
0.047675
0.043581
0.080122
0.040290
0.075574
0.031159
0.033156
0.049991
0.045060
0.025432
0.066360
0.091193
0.092010
0.098154
0.079922
0.107706
0.142500
0.116740
0.006975
0.051558
0.154462
0.115679
0.169694
0.216234
0.079861
0.024411
0.200468
0.185163
0.188743
0.201961
0.184481
0.234707
0.221595
0.067500
0.097222
0.070185
0.025654
0.043697
0.117896
-0.078015
-0.078764
-0.009307
0.080199
0.070405
-0.040530
-0.061372
-0.082790
-0.048123
0.030851
0.025943
-0.125169
-0.119023
-0.123669
-0.447102
-0.023225
0.066560
-0.086858
-0.174132
-0.480651
-0.352409
-0.047715
-0.046282
0.082707
0.003558
0.096028
-0.000193
-0.042715
-0.048763
-0.013963
0.006751
0.000799
-0.018148
-0.065640
-0.012961
-0.071764
-0.073876
-0.063057
-0.056654
-0.025380
-0.057961
-0.073292
-0.089632
-0.089670
-0.071405
-0.071119
-0.055658
-0.070168
-0.087971
-0.060917
-0.052789
-0.039217
-0.048721
-0.069366
-0.055577
-0.077418
-0.068982
-0.039761
-0.034028
-0.072142
-0.040862
0.033671
0.040405
0.041290
-0.036216
-0.028710
-0.050497
-0.008744
-0.011222
0.042402
-0.047412
0.022818
-0.003145
-0.022337
0.026165
-0.016372
-0.009960
-0.049575
0.023518
0.021923
-0.015014
0.006268
-0.047986
-0.046807
-0.029547
0.042722
-0.026402
0.000162
-0.070422
-0.001034
-0.065672
-0.029741
-0.037610
-0.039223
-0.004894
0.004357
0.008783
-0.058365
-0.056547
-0.030965
-0.016097
0.021900
-0.025926
-0.002714
-0.037858
0.028887
-0.014936
-0.013389
-0.039760
-0.053762
-0.069552
-0.001478
0.001936
0.000753
-0.035460
-0.018940
0.051257
0.012501
0.004479
0.003600
-0.004622
0.014139
-0.013840
-0.005963
-0.000356
-0.018603
-0.002800
0.006216
-0.025177
-0.054404
-0.060176
-0.003759
-0.006555
0.001371
-0.024853
-0.024176
-0.016215
0.053020
0.002794
0.010970
-0.005818
0.032025
0.020857
0.006326
0.007995
-0.012572
-0.019362
-0.028926
0.000915
-0.022811
-0.028109
-0.031490
-0.061950
-0.036277
-0.055052
0.034482
0.013194
0.050499
-0.047061
-0.050880
-0.016390
-0.049950
-0.026219
-0.043977
-0.045974
0.015378
-0.048599
-0.050887
-0.008777
-0.072701
0.031760
0.015940
-0.020382
0.035213
0.019361
-0.052979
-0.039880
-0.055879
-0.050324
-0.049418
-0.033499
-0.034506
0.020589
-0.026201
-0.026793
-0.032539
-0.045593
-0.026029
0.005576
-0.023075
-0.010484
-0.031501
-0.040367
-0.059694
-0.077512
-0.102869
-0.043150
-0.079896
-0.048878
-0.065228
-0.055830
-0.026971
-0.027564
0.072589
0.151683
0.126648
-0.062496
-0.060630
-0.013490
-0.066168
-0.043157
-0.058139
-0.037315
-0.052703
-0.055454
-0.054466
-0.075301
-0.074217
-0.063245
-0.067102
-0.090449
-0.092109
-0.093086
-0.092797
-0.055214
-0.051199
-0.084711
-0.083699
-0.091071
-0.092258
-0.093734
-0.069495
-0.059619
-0.046283
-0.023375
-0.047213
-0.022284
-0.034551
-0.059354
-0.041356
-0.001751
-0.055795
-0.038511
-0.030650
-0.107264
0.051796
-0.129117
0.089121
-0.031895
-0.044016
-0.050522
-0.150616
0.000000
0.000000
-0.065436
-0.108282
-0.109535
0.587613
0.673346
0.128380
0.047598
-0.002305
0.014295
0.013478
-0.108971
-0.088769
-0.096640
-0.095001
-0.083077
-0.124940
-0.089752
-0.119255
-0.101970
-0.158060
0.501841
0.497555
0.475241
0.465772
0.468453
0.468786
0.482619
0.499600
0.512160
0.525620
0.543227
0.097853
0.358306
0.240153
0.246120
0.256021
0.323605
0.295452
0.313759
0.297717
0.215353
0.169961
0.181015
0.125634
0.038624
0.116178
0.091117
0.082694
0.072864
0.081350
0.036308
0.011449
0.071215
0.054419
0.108688
0.051850
0.037594
-0.000503
0.046767
-0.003756
0.000673
0.358464
0.322653
0.312224
0.363484
0.135078
0.126077
0.139279
0.093183
-0.004104
-0.017669
0.001865
-0.000022
0.025006
0.030148
-0.005939
0.062856
-0.006924
-0.002073
0.001313
0.009073
0.009001
0.017590
0.016184
-0.015106
0.046119
0.002687
0.024285
-0.000409
-0.001926
0.007214
0.007515
-0.017422
-0.013644
0.002353
-0.008359
-0.009314
0.025561
0.022195
0.067613
0.025736
-0.015935
0.036230
0.036681
0.034684
0.103482
0.099303
0.066880
0.080164
0.068904
0.060990
0.078723
0.077967
0.109629
-0.193579
-0.086056
-0.064328
0.083566
-0.049633
-0.080925
-0.076768
-0.088726
-0.108174
-0.123361
-0.053532
-0.088455
0.114691
0.157395
0.091058
0.089851
0.084223
0.079492
0.110915
0.152204
0.179282
0.146480
0.153248
0.193538
0.157394
0.216104
0.169070
0.127147
0.138778
0.171391
0.202402
0.083161
0.096028
0.104625
0.083654
0.080105
0.034021
0.044459
0.032341
0.085594
0.135541
0.092866
0.081551
0.127642
0.086177
0.134577
0.087601
0.105219
0.043508
-0.013482
0.146165
0.034129
0.008582
-0.023775
-0.012711
-0.000788
0.018095
0.025631
0.004022
0.031027
-0.007446
0.000172
0.004380
0.016891
-0.017890
-0.011345
-0.009173
-0.039287
-0.026944
-0.023071
-0.057369
0.008623
-0.019824
-0.016536
-0.015342
-0.009221
-0.036725
-0.037462
-0.031384
-0.006043
-0.001634
-0.004046
0.000297
0.005627
0.010506
-0.024738
-0.022131
-0.016110
-0.012224
-0.033917
-0.033554
-0.029640
-0.031454
-0.030886
-0.037743
-0.050423
-0.019834
0.007071
-0.020977
0.021239
-0.013269
-0.013941
-0.011828
-0.010196
-0.006950
-0.010426
-0.013512
-0.053412
-0.052443
0.000000
0.000000
0.003075
-0.015262
0.067559
0.024782
0.052504
0.049495
0.057703
0.021975
0.022821
-0.023299
-0.012831
-0.011606
-0.039983
-0.008233
-0.004398
-0.039551
-0.035303
-0.037812
-0.031910
-0.028219
0.009967
-0.049299
0.015439
0.013180
0.015978
0.013134
-0.021293
-0.025064
-0.020678
-0.019761
-0.017679
-0.019604
-0.015082
-0.011939
-0.005466
-0.004003
-0.003483
-0.042180
-0.005844
-0.041621
-0.012457
-0.025240
-0.024000
-0.022140
-0.017140
-0.015569
-0.013195
-0.010687
-0.037765
-0.037347
-0.039684
-0.028822
-0.019942
-0.014543
-0.022780
-0.021615
-0.023262
-0.023632
-0.026561
-0.022876
-0.024674
-0.021385
-0.022789
-0.021937
-0.009744
-0.011025
-0.010424
0.010639
0.025883
0.012853
0.012085
0.011340
0.074289
0.013885
0.040794
0.044211
0.046069
0.051083
0.051571
-0.005530
-0.005711
-0.002307
0.001761
0.002925
0.007584
0.008485
0.008251
0.011656
0.016445
0.032224
0.038614
0.042890
0.003964
0.001353
0.037164
-0.001287
0.043776
0.150279
-0.046367
-0.024134
0.094973
-0.003076
0.017484
0.256924
0.000000
0.000000
0.000000
0.105046
-0.064472
-0.024339
0.036193
0.047114
0.042682
0.003536
0.008145
0.047040
0.038680
0.042844
0.044779
0.039790
-0.006314
-0.025796
-0.014611
-0.008894
-0.007833
-0.006139
-0.005787
0.007279
-0.014491
-0.010766
-0.007753
-0.010820
-0.010274
-0.046116
-0.008297
-0.009903
-0.010108
-0.038896
-0.036559
-0.034693
-0.001879
-0.042564
-0.040104
-0.041208
-0.010375
-0.026361
-0.017724
-0.022775
-0.017669
-0.016430
-0.026889
-0.002248
-0.012627
-0.041822
-0.000617
0.013272
0.010877
-0.022433
0.015324
-0.010024
0.040468
-0.058505
0.016702
-0.056280
-0.020031
0.010129
0.049042
0.052112
-0.018548
-0.007551
0.004768
0.010985
0.017158
-0.001255
-0.009734
0.004835
0.005125
-0.003431
0.008499
0.007793
0.033410
-0.009046
-0.007152
0.007590
0.034115
-0.017888
-0.020060
-0.015730
-0.012086
-0.022234
-0.022894
0.026084
0.016255
0.018731
-0.041125
0.019501
0.029602
0.071746
-0.020440
0.011613
0.002670
0.032588
0.009233
0.017983
0.051254
0.003550
0.017770
0.022015
0.023474
0.020764
0.032572
0.024137
0.109116
-0.010735
-0.084481
-0.082623
-0.022811
-0.047112
-0.071570
-0.031866
-0.047097
-0.035537
-0.092536
-0.102926
-0.070293
-0.050832
-0.055104
-0.059457
-0.054171
-0.089103
-0.084862
-0.054730
-0.124806
-0.148119
-0.136525
-0.094265
-0.151464
-0.174400
-0.139037
-0.159026
-0.136080
-0.167414
-0.133622
-0.151458
-0.143595
-0.119454
-0.127842
0.006383
-0.030890
-0.065235
-0.069003
-0.094445
-0.093191
-0.116145
-0.156359
-0.133915
-0.004640
-0.161123
-0.151957
-0.122279
0.035253
-0.013368
0.126990
0.019159
0.067202
0.064703
0.016849
0.107929
-0.074568
-0.044030
-0.078671
-0.063791
-0.060948
-0.059966
-0.063309
-0.136225
-0.090531
-0.115988
-0.108002
-0.083273
-0.098627
-0.047141
-0.054782
-0.066878
-0.122121
-0.058191
0.302521
0.154549
0.222159
0.109465
-0.113882
-0.053478
-0.127019
-0.074736
-0.079259
-0.069088
-0.067194
-0.056768
-0.047767
-0.065063
-0.082590
-0.037146
-0.038805
-0.055753
-0.133201
-0.133274
0.146919
0.133306
0.105150
0.089630
0.124398
0.043053
0.068506
0.011989
0.019369
-0.016220
0.084430
0.052026
0.060526
0.074038
0.071279
0.045360
0.029400
0.011622
0.017983
-0.009201
0.022090
-0.008869
0.034808
0.054467
0.039154
0.057460
0.037623
0.007308
0.011672
0.019644
0.032924
0.114521
0.089163
0.131472
0.080789
0.049342
0.137257
0.208972
0.136101
0.159290
0.161850
0.180486
0.190957
0.137964
0.080382
-0.146963
0.111676
0.177001
0.209902
0.012185
0.008430
0.014299
0.165861
-0.111021
-0.120321
-0.132484
-0.140353
-0.054003
-0.061572
-0.021328
-0.148485
-0.021368
-0.134281
-0.122815
-0.011696
-0.001399
-0.005654
-0.005513
0.009778
0.024386
0.032487
0.020195
0.039733
0.025084
0.019969
0.079451
0.083987
0.098311
0.057709
-0.000745
-0.144548
-0.148261
-0.136048
0.170703
-0.043341
-0.158532
-0.118505
-0.067586
-0.059972
-0.005890
-0.122170
-0.064418
-0.071771
-0.060510
-0.055707
-0.090187
-0.151193
-0.070735
-0.064807
-0.081962
-0.061420
-0.049891
-0.056253
-0.047984
-0.060249
-0.142600
0.153614
0.119623
0.097270
0.057037
0.061227
0.110907
0.074982
0.048600
0.016513
0.135761
0.111210
0.128834
0.085405
0.061780
0.073538
0.037440
0.099433
0.082024
0.093798
-0.009593
0.118943
0.088272
0.092536
0.058487
0.101495
0.086188
0.094743
0.081096
0.089598
0.107757
0.074541
0.337922
0.316647
0.311377
0.356197
0.365499
0.300777
0.345156
0.360612
0.351514
0.405127
0.213893
0.196013
0.206267
0.320052
0.316527
0.327828
0.334034
0.298896
0.317365
0.318292
0.284090
0.340022
0.231507
0.240488
0.297114
0.183638
-0.087694
-0.086082
-0.072266
-0.075290
-0.053371
-0.058135
0.162190
-0.088693
-0.072710
-0.064781
-0.066673
-0.065293
-0.089128
-0.078064
-0.074197
-0.074525
-0.064029
-0.051705
-0.049772
-0.049296
-0.053297
-0.059650
-0.059622
-0.095331
-0.073083
-0.083606
-0.073781
0.129659
0.187700
0.194589
0.154067
0.167115
0.178231
0.192230
0.212422
0.222914
0.229696
0.243730
-0.147978
-0.118709
-0.109769
-0.130700
-0.131750
0.232907
-0.051266
-0.112906
0.241670
0.250560
0.250897
0.220777
-0.121662
-0.153961
-0.142393
0.249551
-0.109680
-0.096714
-0.126746
-0.069261
-0.137873
-0.123039
0.279530
-0.054395
-0.045421
-0.108392
0.125884
0.167901
0.176238
0.189758
0.219210
0.230411
0.233447
0.250465
0.257221
0.251712
0.218739
0.224838
0.248656
0.196154
0.267227
0.234443
0.234908
0.248546
-0.142709
0.264234
0.233808
0.253722
0.191475
0.213593
0.208446
0.219113
0.234617
0.231771
0.239370
0.205442
0.215534
0.212793
0.219105
0.222312
0.231316
0.198004
0.147296
0.156939
0.287726
0.140595
0.571932
0.544781
0.216275
0.026519
0.093370
-0.017050
0.003402
0.011255
-0.020473
-0.023707
-0.030143
0.072364
-0.075812
-0.048466
-0.038204
-0.039236
-0.037224
-0.071452
-0.071973
-0.074250
-0.069648
-0.040685
-0.030640
-0.037725
-0.039730
-0.062102
-0.060921
-0.072862
0.157521
0.159897
0.196501
0.083056
0.073786
0.058597
0.034830
0.042793
0.013075
0.005288
0.031294
0.005964
0.006221
0.007691
0.049361
0.025279
0.091860
0.045837
0.082060
0.112855
0.087211
0.084475
0.161487
-0.006584
0.138898
0.110348
0.071939
0.075580
0.116177
0.116402
0.341386
0.380462
0.383613
0.311398
0.309090
0.121962
0.123882
0.131202
0.132015
0.142043
0.337860
0.289329
0.303765
0.285981
0.273819
0.253018
0.254003
0.263248
0.246462
0.250270
0.265349
0.261610
0.229544
0.280167
0.208204
0.236312
0.240875
-0.007636
0.128224
0.180521
0.059202
0.065035
0.023185
0.035932
0.047569
0.051663
0.161968
0.168726
0.171235
0.231958
0.191959
0.237425
0.182857
0.186132
0.199108
0.200797
0.164064
0.127376
0.076525
0.057363
0.047664
0.071856
0.017121
0.022653
0.021197
0.168754
0.184991
0.228010
0.224554
0.169932
0.177370
0.147140
0.194564
0.177053
0.147646
0.150364
0.193225
0.160693
0.192608
0.141229
0.053701
0.037182
0.120055
0.133297
0.091219
0.070358
0.241804
0.040691
0.107922
0.164631
0.164669
0.215903
0.181906
0.084241
0.137354
0.222332
0.017276
0.034995
0.045054
0.097119
0.081736
0.030445
0.010868
0.038816
0.076100
0.065338
0.075071
0.029821
0.027804
-0.000547
0.022200
0.110644
0.019185
0.042915
0.041747
0.094689
0.136257
0.102189
0.053933
0.065410
0.073070
0.056712
0.060304
0.066295
0.095735
0.098327
0.136785
0.102968
0.221248
0.228655
0.242179
0.226154
0.229185
0.224362
0.255742
0.228531
0.221736
0.219659
0.255429
0.251608
0.223213
0.215579
0.209656
0.221881
0.227518
0.248046
0.221684
0.231229
0.249076
0.201971
0.253043
0.256572
0.268176
0.268982
0.266651
0.272160
0.307212
0.355333
-0.017504
0.047207
0.284532
0.061718
0.154618
0.190349
0.183259
0.183541
0.264310
0.282194
0.291167
0.285647
0.236406
0.260929
0.223924
0.225880
0.182709
0.219514
0.192826
0.187931
0.182403
0.230232
0.212733
0.140300
0.161315
0.138325
0.141423
-0.053973
0.122523
-0.069098
-0.060171
-0.073005
-0.049103
0.002396
0.033456
0.072629
0.045987
0.083097
0.067946
0.125181
0.049295
0.053437
0.064017
0.092698
0.156327
-0.000879
0.029032
0.056503
0.070101
0.000216
-0.017477
0.150380
0.108993
0.179703
0.202193
0.182589
0.116366
0.110240
0.101259
0.008182
-0.009539
0.028934
-0.030938
-0.162520
-0.162806
-0.057146
0.013534
-0.160973
-0.060981
-0.180937
-0.182058
-0.090081
-0.065952
-0.216584
-0.218055
-0.101625
-0.132797
0.072660
0.054767
-0.006347
0.068343
-0.021178
-0.036884
-0.046088
0.003934
-0.006116
-0.034565
-0.051786
-0.031857
-0.048063
-0.060544
-0.017308
-0.041770
-0.032200
-0.028168
0.009886
-0.012295
-0.053701
-0.031476
-0.047459
-0.051410
-0.023407
-0.010965
-0.021517
-0.036963
-0.042828
-0.043612
0.017203
-0.011198
-0.017218
-0.016148
0.015297
-0.056803
-0.055572
-0.024784
-0.025834
-0.030799
-0.032497
-0.034821
-0.038872
-0.040313
-0.039459
-0.042269
-0.014786
-0.012809
-0.015607
-0.023551
-0.015057
-0.011137
-0.011856
-0.015672
-0.024227
-0.031540
-0.006826
-0.003505
0.026531
0.008978
-0.034233
-0.001707
-0.010552
-0.012231
-0.009854
-0.010925
0.026581
0.007330
0.009256
0.001690
0.053352
0.071627
0.067737
0.051984
0.049471
0.038568
0.059788
0.050784
-0.012224
0.021674
0.020028
0.015747
0.007271
-0.001606
-0.008168
-0.015610
0.017702
0.016322
0.015630
0.022968
0.025449
-0.000847
0.004961
0.003759
-0.026229
-0.025647
-0.023260
0.009352
-0.001419
0.004768
0.004983
0.002620
-0.003621
0.000275
-0.012671
-0.018747
-0.016658
-0.022819
-0.031934
-0.029608
-0.030006
-0.030783
-0.000417
-0.001842
-0.004239
-0.000706
0.000108
0.000199
0.004118
0.039333
-0.020483
-0.017335
-0.015735
-0.019830
-0.003015
-0.012964
-0.013714
-0.014582
0.014606
-0.033563
-0.026388
0.036567
-0.028472
-0.028647
-0.026307
-0.025305
0.009914
0.008943
0.003517
0.006255
0.006075
0.008052
0.008350
0.039380
0.035753
-0.006706
0.026735
0.008796
-0.011652
-0.001918
-0.005922
-0.013241
-0.018701
-0.020686
0.032131
0.022226
0.031716
0.029553
0.010358
0.045970
0.042740
0.039180
0.038835
0.040508
0.040193
0.037216
0.015814
0.065701
0.062245
0.057293
0.047412
-0.015222
-0.425226
0.000000
-0.012686
-0.021602
0.017323
0.004839
-0.000333
0.032438
0.023110
0.020828
0.017997
0.061821
0.061135
0.044797
0.030069
0.072090
0.009091
0.005607
0.007460
0.032046
0.026665
0.026688
-0.002171
-0.035960
-0.038357
-0.005888
0.003032
-0.155279
-0.019596
0.029768
-0.055982
0.142934
0.215071
-0.024560
-0.018317
-0.012826
-0.010853
-0.017579
-0.015637
0.112760
-0.043524
0.027118
0.025909
0.025952
0.023192
-0.012273
-0.013422
-0.009971
-0.013125
-0.009698
-0.005132
-0.000872
-0.008987
-0.003934
-0.002734
-0.005828
0.003042
0.005932
0.006836
0.010259
0.007403
0.004018
-0.021551
0.004775
0.002705
0.001309
0.039030
0.007840
0.034217
0.005594
-0.029191
0.008971
0.009438
0.057222
0.018335
0.020405
0.007146
0.016801
0.034086
0.287493
-0.077587
0.000000
0.017983
0.078682
0.089308
0.000000
0.000000
0.000000
0.097343
0.077524
0.058680
-0.034025
-0.102089
0.253054
0.236230
0.043785
0.000000
0.000000
0.000000
0.108073
0.051851
0.004443
0.053242
-0.105787
-0.053979
0.290008
0.275003
0.201199
0.258494
0.276308
0.344407
0.343871
-0.018632
-0.011675
0.011559
0.001637
0.000966
-0.005272
-0.027588
-0.023075
-0.020621
0.030716
0.047481
0.079092
0.065997
0.042200
0.043667
0.080738
0.076023
0.012198
0.011151
0.033843
0.032587
0.030285
0.027652
0.035315
0.042410
0.041369
-0.015510
-0.048193
-0.044219
-0.071879
0.087502
0.006322
-0.108248
0.230893
0.291530
0.308651
0.344929
0.335281
0.348055
0.397168
-0.013035
-0.006094
-0.002911
0.005439
0.005391
-0.007387
0.003773
-0.034287
-0.008121
-0.006943
0.001525
0.000946
0.001580
-0.000366
-0.035950
-0.032524
-0.029704
-0.025212
-0.023484
0.006260
-0.019876
-0.027784
-0.010964
0.069260
0.004402
-0.002551
0.058473
0.055094
-0.007636
0.058326
0.061465
0.095163
0.050344
0.014843
0.014030
0.008398
0.015351
0.044581
0.028397
0.022237
0.049690
0.003220
0.043966
0.041328
0.044885
0.041456
0.043710
0.049230
-0.007545
0.057684
0.101512
0.009748
0.117721
0.030136
0.067537
-0.012158
0.227847
0.545046
0.018927
-0.037757
0.515118
0.595410
-0.000862
0.560428
0.556289
-0.034388
-0.008505
-0.063794
-0.057936
-0.040078
0.121537
0.053369
0.103655
0.048273
0.076238
0.176107
0.045400
0.084821
0.066337
0.074703
0.080931
0.595347
0.546163
0.568491
0.521250
-0.088995
0.103962
0.122068
0.140174
0.378504
0.371512
0.358043
0.382123
0.317770
0.292092
0.098327
0.120513
0.114070
-0.004729
0.019042
-0.019258
0.047718
0.019149
-0.221132
-0.213392
-0.250162
-0.296669
-0.317344
-0.304852
-0.324346
-0.386217
0.001610
-0.004905
-0.063518
-0.056056
0.026662
0.051335
0.044326
0.088062
0.070072
0.054991
0.312698
0.110053
0.350274
0.399474
0.366818
0.366672
0.385967
0.416927
0.425352
0.439414
-0.165048
-0.078197
-0.116323
-0.098009
-0.073631
-0.115655
0.286889
0.255820
0.260699
0.297336
0.309159
0.290221
0.366763
0.334856
0.358238
0.372402
0.401402
0.405983
0.422334
0.416386
0.305681
0.169036
0.149567
0.168427
0.182197
0.148376
0.182432
0.155596
0.153093
0.178524
0.185404
0.107883
0.105017
0.086524
0.112948
0.089440
0.113661
0.179658
0.140567
0.147536
0.189239
0.187536
0.190860
0.180717
0.166460
0.212173
0.174091
0.162170
0.188238
0.245450
0.115599
0.143118
0.119416
0.125385
0.132109
0.099140
0.099995
0.094806
0.091054
0.091164
0.084266
0.080992
0.077527
0.077759
0.101006
0.096987
0.084093
0.078254
0.077432
0.047841
0.048279
0.079426
0.095110
0.106472
0.088365
0.116364
0.094984
0.083433
0.048597
0.075797
0.040986
0.066443
0.042614
0.039063
0.032601
0.062045
0.047735
-0.006040
-0.058953
-0.019642
-0.008831
-0.069878
-0.062350
-0.001072
0.073256
0.041700
0.111456
0.072936
0.053695
0.090599
0.044333
0.038127
0.025886
-0.008447
0.006752
0.004564
0.027730
0.028508
-0.008186
-0.007738
-0.007342
-0.003453
-0.002598
0.058358
0.019179
0.018707
0.006869
0.005200
0.005878
0.061917
0.050736
0.049272
0.044548
0.045068
0.010214
0.015870
0.013760
0.075338
0.077562
0.079212
0.080584
0.085558
0.087607
0.085309
0.028836
0.034821
-0.003078
0.003877
0.015334
0.023339
0.039484
0.066055
0.060409
0.063598
0.062849
0.058495
0.050095
0.037187
0.008218
0.367803
0.043464
0.072115
0.061758
0.108935
0.105214
0.100084
0.095210
0.094227
0.091124
0.090907
0.053264
0.084869
0.080818
0.076179
0.074641
0.076446
0.069573
0.125867
0.124781
0.122454
0.123685
0.119811
0.114235
0.102431
0.127681
0.088464
0.084549
0.080753
0.111615
0.100013
0.097526
0.093464
0.093106
0.086110
0.080003
0.076098
0.074212
0.070559
0.071203
0.072917
0.073939
0.070472
0.071155
0.071353
0.069050
0.073959
0.127978
0.121201
0.157861
0.118684
0.117136
0.153075
0.149232
0.150769
0.107902
0.144886
0.140813
0.140584
0.139802
0.133889
0.092528
0.125237
0.122947
0.123819
0.121190
0.119440
0.117179
0.119174
0.116279
0.116954
0.115586
0.113809
0.114553
0.111062
0.107743
0.108144
0.106838
0.093996
0.123929
0.127065
0.079044
0.078705
0.083742
0.084381
-0.070321
-0.055896
-0.059134
-0.058861
-0.024301
-0.029132
-0.031816
-0.020463
-0.038995
-0.018963
0.491817
0.082664
0.092277
0.130647
0.101382
0.102948
0.139068
0.118866
0.061940
0.092026
0.096214
0.079279
0.076158
0.035137
0.025375
0.069515
0.020385
0.013036
0.093158
0.033032
0.014633
0.009301
0.003237
0.002731
0.001092
0.019933
0.001143
-0.003199
0.086921
0.106648
0.090542
0.083391
0.078943
0.082673
0.119076
0.119676
0.018411
0.018907
0.013817
0.010605
0.005022
0.003762
0.032596
0.030595
0.018455
0.010283
0.007273
0.005159
0.039752
0.006483
0.096348
0.092060
0.090901
0.087598
0.080439
0.072070
0.077227
0.076724
0.053566
0.091760
0.098573
0.097350
0.048484
0.047135
0.043930
0.034725
0.034288
0.086570
0.084954
0.034163
0.015201
0.078491
0.063886
0.029106
0.038819
0.096641
0.093985
0.009266
0.045333
0.035241
0.037110
0.023109
0.119501
0.121558
0.079371
0.119388
0.116445
0.116545
0.108485
0.103571
0.098217
0.091100
0.086455
0.081448
0.077804
0.034322
0.062491
0.060736
0.057027
0.058013
0.015201
0.009999
0.048911
0.008702
0.044866
0.000145
0.044216
0.012139
-0.006089
-0.051869
-0.030985
-0.058192
-0.036202
-0.045096
-0.009560
-0.009250
-0.044283
-0.062025
-0.013598
-0.002823
-0.009705
-0.007302
-0.008278
-0.009439
-0.010595
-0.012527
-0.012788
-0.012192
-0.016465
0.018072
-0.018951
0.010492
0.013824
0.005987
0.062848
0.070668
0.073229
0.072574
0.067769
0.071621
0.066964
0.067632
0.067651
0.103697
0.060460
0.093932
0.052203
0.084223
0.079363
0.076145
0.073322
0.027083
0.029557
0.029920
0.032208
0.029801
0.090061
0.089809
0.086255
0.085056
0.080322
0.012576
0.112446
0.009875
0.070058
0.109190
0.099656
0.096183
0.096533
0.096084
0.096840
0.094591
0.093468
0.090651
0.087226
0.083832
0.079403
0.081398
0.134153
0.034926
0.129026
0.171606
0.130300
0.127170
0.128883
0.128346
0.129012
0.125699
0.122277
0.120394
0.117515
0.113763
0.113616
0.112020
0.108964
0.105656
0.101561
0.094981
0.097088
0.090469
0.091093
0.125030
0.123741
0.123535
0.119482
0.044662
0.115234
0.113718
0.109225
0.067856
0.097172
0.098567
0.090361
0.087160
0.085549
0.076398
0.073673
0.073628
0.073354
0.070455
0.072642
0.068418
0.115861
0.022725
0.019209
0.054554
0.050986
0.108458
0.110831
0.105988
0.102999
0.098526
0.102730
0.102749
0.095643
0.035849
0.097129
0.094193
0.094649
0.092145
0.091460
0.089551
0.089443
0.083536
0.080600
0.077542
0.078369
0.077997
0.077826
0.074690
0.074406
0.073914
0.072284
0.074684
0.073271
0.074816
0.069537
0.072154
0.070883
0.068831
0.067940
0.030160
0.031339
0.029879
0.025761
0.022406
0.019758
0.019304
0.020644
0.020566
0.023460
0.014342
0.012979
0.058804
0.066139
0.075348
0.164883
0.141540
0.144158
0.151461
0.056209
0.056396
0.054915
-0.075391
-0.071974
-0.070012
-0.072197
0.112447
0.040751
0.100264
0.095895
0.094795
0.093187
0.089262
0.091893
0.089962
0.111679
0.108294
0.101628
0.097553
0.094548
0.089390
0.089911
0.088590
0.089228
0.120819
0.083522
0.071748
0.099018
0.094935
0.132673
0.126225
0.129154
0.123428
0.117592
0.138254
0.129347
0.118159
0.119854
0.042472
0.037812
0.070652
0.066803
0.063911
0.253931
0.163240
0.157084
0.091212
0.129820
0.126069
0.142371
0.141291
0.140428
0.169063
0.165145
0.161768
0.109534
0.128472
0.138481
0.135372
0.130293
0.144039
0.140754
0.139287
0.152211
0.098404
0.061333
0.070268
0.022905
0.031668
0.016229
-0.027948
-0.028132
-0.088600
-0.062322
-0.038787
-0.039876
-0.092160
-0.152370
-0.216542
-0.327583
-0.439540
-0.527858
-0.645764
-0.679633
-0.686405
-0.708461
-0.565531
-0.235902
0.139614
0.038293
-0.007930
0.228156
0.417971
0.414294
0.455158
-0.036047
-0.074084
-0.042461
0.005259
0.037976
0.065400
0.024120
-0.015904
-0.025319
0.008886
-0.020971
-0.030835
-0.031586
-0.014741
-0.036614
-0.012547
0.004550
-0.012093
0.026128
0.061391
0.111521
0.175834
0.253867
0.370344
0.344683
-0.035594
0.010134
-0.042933
-0.031139
0.065532
-0.033817
-0.033553
-0.035000
0.008439
0.033654
0.052519
0.078592
0.078495
0.003539
0.000000
0.000000
-0.085511
-0.097680
-0.120704
-0.155091
0.034687
-0.007517
0.006949
0.009752
0.004515
-0.002589
0.043616
-0.092959
-0.009351
0.000000
0.000000
0.000000
0.000000
0.000000
0.000000
0.000000
0.000000
0.000000
0.000000
0.000000
0.000000
0.000000
0.000000
0.000000
0.000000
0.000000
0.000000
0.000000
0.000000
0.000000
0.000000
0.000000
0.000000
0.000000
-0.076582
-0.062300
-0.139218
0.045498
-0.021274
-0.042054
-0.024888
-0.110900
-0.176074
0.000000
0.013406
0.088763
0.000000
0.000000
-0.064934
0.016110
-0.112598
0.076661
0.000000
0.000000
-0.059322
-0.031960
-0.090184
-0.109708
-0.081228
-0.085205
-0.094043
-0.085591
-0.163009
0.155432
0.062110
-0.000661
0.015558
0.015374
0.026049
0.018561
0.021979
-0.019955
-0.001716
-0.012075
0.025804
0.021020
-0.021544
-0.023707
-0.002172
-0.005144
-0.040497
0.012818
-0.001517
0.014962
-0.004336
-0.014649
-0.034096
-0.004544
-0.012532
-0.032019
-0.043525
0.008646
-0.036532
-0.032203
0.010391
-0.019132
-0.024359
0.016873
0.007175
-0.002876
-0.009806
-0.016762
0.029073
0.016677
0.016942
0.000193
-0.006266
-0.016394
-0.036406
0.018128
0.005992
-0.001421
-0.003117
-0.003080
-0.003685
-0.003854
-0.010358
-0.035887
0.020868
0.020873
0.011628
0.013299
0.009973
0.006563
-0.000659
-0.002927
-0.006740
-0.018732
-0.029316
0.024479
0.018070
0.006639
0.003407
0.059719
-0.011802
-0.014035
-0.011423
-0.012615
0.043343
-0.018119
-0.014330
-0.021881
0.000826
-0.000435
-0.006329
-0.015708
-0.024402
-0.029085
-0.031824
-0.040822
0.016306
0.001859
-0.011892
-0.020980
-0.024201
-0.028257
-0.033706
0.024824
0.011393
0.005540
-0.001274
-0.018751
0.011824
0.003800
-0.002372
-0.001898
-0.007428
-0.017401
-0.025242
-0.026425
-0.026960
-0.003956
0.020784
0.015508
-0.033072
-0.015609
-0.015594
-0.021839
0.042803
0.037372
0.030661
0.026179
-0.017845
-0.021548
0.011893
0.005593
0.004109
-0.035347
-0.007210
-0.008706
-0.011777
-0.019025
0.008138
-0.010432
-0.014036
-0.020243
0.043695
0.039097
0.000949
0.038325
-0.004027
-0.009872
-0.010737
0.055977
0.051876
0.047711
0.047807
0.048454
0.049850
0.044551
0.048257
0.044026
0.045027
0.042191
0.033233
0.034163
0.036313
0.034453
0.034857
0.097037
0.057147
0.088314
0.084901
0.080371
0.080005
0.033841
0.031070
0.026330
0.027203
0.089378
0.088311
0.088923
0.087061
0.023159
0.084799
0.081049
0.077224
0.077836
0.079271
0.080233
0.082431
0.057441
0.056893
0.050346
0.056409
0.023998
0.066570
0.067890
0.073027
0.068898
0.026461
0.017137
0.014713
0.005479
0.000726
-0.003869
0.054460
0.055808
-0.002531
0.056204
0.054873
0.057358
0.055167
0.042030
0.052567
0.048420
0.009452
0.009539
0.011072
0.075698
0.070181
0.032224
0.073242
0.037232
0.035554
0.040398
0.062528
0.067276
0.069707
0.007469
0.008115
0.006774
0.006852
0.005497
0.076274
0.009762
0.009086
0.077989
0.017428
0.019127
0.021704
-0.004173
-0.006291
0.048188
0.033381
-0.002672
-0.013773
0.017209
0.011069
0.004689
-0.005226
0.012450
-0.000093
-0.001824
-0.028572
0.004706
-0.025225
0.053164
0.046451
0.041587
0.041507
0.057637
0.022936
0.057062
0.010886
-0.003291
0.025840
0.034748
0.037278
0.038445
0.030621
0.073271
0.049799
0.053641
0.055340
0.052105
0.085645
0.074210
0.070661
0.026045
0.024361
0.023128
0.074427
0.047515
0.050751
0.050972
0.055015
0.009753
0.009332
0.051573
0.032831
0.074265
0.001688
0.030942
0.053744
0.007487
0.027746
0.020862
0.037256
0.077776
0.065112
0.053321
0.056800
0.003099
0.025760
0.003073
0.037984
0.035313
0.063795
0.025928
0.058359
0.032067
-0.012665
0.025588
0.031976
0.012629
0.017593
0.015197
-0.007052
-0.002434
0.041185
0.028307
-0.012024
0.044067
0.003976
-0.005500
-0.007156
0.002407
-0.000798
0.001711
0.002056
-0.009780
-0.001789
0.031950
-0.023705
0.060481
0.004617
0.003177
0.092298
0.004510
0.000051
0.048509
0.052512
0.018435
0.054454
0.046721
0.010724
0.017827
0.057376
0.020961
0.023317
0.027469
0.033042
0.067459
0.020516
0.065945
0.015147
0.057964
0.150652
0.138989
0.128191
-0.016661
-0.055936
-0.048731
-0.046367
-0.055471
-0.050699
-0.065516
-0.072346
-0.039527
-0.061847
-0.103597
-0.065060
-0.074213
-0.061817
-0.065194
0.335425
0.293405
0.334041
0.318522
0.179854
0.012028
0.016847
0.036453
0.009375
0.002797
0.057499
-0.002028
-0.017080
0.002994
-0.019349
0.016938
-0.019605
-0.013241
0.069009
0.069920
0.060909
0.098974
0.057363
0.112632
0.000183
0.023053
0.018282
0.024534
0.032001
0.056867
0.093381
0.068933
0.086540
0.126629
0.098789
0.091020
0.059327
0.080680
0.085552
0.029909
0.005218
0.059659
0.034235
0.070812
0.039762
0.019539
0.041878
0.043972
0.020275
0.024901
0.036473
0.007036
0.003916
0.076586
0.052256
0.054641
0.088034
0.054548
0.031627
0.087325
0.052021
0.052367
0.088823
0.061749
0.058362
0.076609
0.079443
0.073011
0.089806
0.088873
0.068074
0.062860
0.077329
0.028739
0.029216
0.038223
0.016079
0.015680
0.076715
0.056482
0.039589
0.047846
-0.020536
0.077117
0.036445
0.080601
-0.020358
0.047614
0.061972
0.016784
0.047110
0.045116
0.083850
0.088532
0.000029
0.012528
0.069950
-0.002929
-0.023940
-0.019250
-0.012749
-0.006506
0.008565
-0.023830
-0.025656
0.001081
-0.005808
-0.013886
0.048920
0.025641
0.016546
0.030004
0.038029
0.068999
0.076552
0.021347
0.061380
0.088456
0.322445
0.133408
0.085642
-0.025523
0.064936
0.028002
-0.003183
0.041169
0.083900
0.061136
0.065788
0.118398
0.114816
0.026141
0.016837
0.053843
0.023206
0.041327
0.024019
0.001241
0.011480
0.013911
0.027816
0.028931
0.031988
0.040070
0.109290
0.116554
0.083777
0.087865
0.094105
0.058126
0.101191
0.108202
0.031249
0.032301
0.034975
0.076767
0.053886
0.063001
0.028807
-0.003582
0.034807
0.060713
0.064014
0.071757
0.069765
0.069745
0.073570
0.071604
0.102125
0.104672
0.034365
0.040219
0.043579
0.009164
0.086154
0.088527
0.143851
-0.029238
-0.025301
-0.026903
0.070192
-0.018452
-0.042740
-0.041430
-0.039985
-0.006000
0.144284
0.115695
0.072080
0.070190
0.072820
0.229559
0.123916
-0.037717
-0.029130
-0.030437
-0.027924
-0.023833
-0.020381
-0.020008
-0.044903
-0.045608
-0.043019
-0.033638
0.127342
-0.033092
-0.026689
-0.034938
-0.036023
0.248982
-0.032542
-0.027467
-0.034075
-0.030211
-0.033043
-0.032072
-0.054473
-0.000640
-0.051149
-0.052481
-0.005142
0.258435
-0.011739
-0.040500
-0.041445
-0.037588
0.309525
-0.005186
-0.006789
-0.005372
-0.036175
-0.007761
-0.033312
-0.025841
0.094012
0.044788
0.055622
0.022485
0.018746
0.024400
-0.008160
0.028246
0.030747
0.037202
0.017293
0.014974
-0.014200
0.014985
0.019932
0.062551
0.061076
0.259349
0.083839
0.011439
0.015280
0.063016
0.076747
0.071400
0.105081
0.142689
0.129680
0.132933
0.055762
0.022618
-0.016912
-0.013984
0.026254
-0.036668
-0.014670
-0.009255
-0.019718
0.127562
0.004173
-0.030769
0.131598
0.126703
0.226271
0.262724
0.267854
0.328058
0.302244
0.231074
0.230184
0.292432
0.296070
0.227412
0.259326
0.320416
0.313986
0.318440
0.294017
0.332197
-0.034927
-0.034805
-0.052109
-0.022356
0.308254
-0.032413
-0.032550
-0.031614
-0.027179
-0.029862
-0.049042
-0.047710
-0.023968
0.323875
-0.044669
-0.044802
-0.012159
-0.004681
-0.021463
-0.025340
0.019735
0.010933
-0.018047
0.013916
0.009644
0.013279
0.013080
0.011682
0.010174
0.013417
0.007103
0.011748
0.016198
0.011955
0.017287
-0.015157
-0.012189
-0.009691
-0.006421
-0.000908
0.001370
-0.022838
-0.021003
-0.011183
0.246704
0.271684
0.221092
-0.014446
0.252354
0.145821
0.335495
0.308951
0.338096
0.349941
0.348185
0.349830
0.350062
0.355644
0.367539
0.364636
0.365752
0.310637
0.337614
0.340160
0.330700
0.342556
0.340726
0.345071
0.348126
0.353354
0.358139
0.351844
0.359165
0.353570
0.354143
0.409992
0.407248
0.404144
0.408856
0.420057
0.161983
0.128961
0.130738
0.092593
0.122069
0.114022
0.082046
0.151329
0.067579
0.074784
0.107931
0.031582
0.054707
0.074315
0.069519
0.070911
0.107568
0.107267
0.040434
0.079606
0.087367
0.050730
0.018626
0.070988
0.074781
0.088520
0.085819
0.091722
0.099402
0.104391
0.138353
0.105013
0.105777
0.114362
0.120776
0.127912
0.066872
0.101787
0.073094
0.173895
0.141837
0.168744
0.157091
0.285262
0.333926
0.290473
0.241162
0.252952
0.176966
0.180166
0.073842
0.055361
0.065401
0.005617
-0.066592
0.012564
0.012926
0.072058
0.019593
-0.071182
0.002904
-0.003052
-0.044974
0.232778
0.219849
0.159277
0.137444
0.137501
-0.129251
-0.157931
0.188408
-0.155045
0.028820
0.172196
0.046502
-0.122068
0.131060
-0.134238
0.193076
0.253586
-0.026980
0.000642
0.000710
-0.037642
-0.050040
-0.035277
-0.078752
-0.089305
-0.083621
-0.104437
-0.158122
0.151419
0.121534
0.204152
-0.181736
-0.023779
0.071793
-0.033764
-0.022095
-0.092262
-0.064066
-0.061277
-0.116904
0.080651
0.045729
0.037488
-0.187055
0.037607
0.005276
0.025874
-0.191363
-0.056189
-0.093697
-0.044314
0.032272
0.069572
0.078903
0.073564
0.000000
0.000000
0.000000
0.135848
-0.007491
0.000000
0.000000
0.000000
-0.529955
-0.057783
0.067444
0.017104
-0.016540
-0.016491
-0.008939
0.255457
0.278947
0.315900
0.322865
0.390218
0.327996
0.330475
0.308093
0.347123
0.333763
0.270734
0.336837
0.129989
0.147761
0.146007
0.100904
0.109943
0.109945
0.067865
0.065795
0.008237
0.008833
0.016476
0.021609
0.018728
0.022524
0.025210
0.026480
0.030229
0.199634
0.047140
0.047751
0.044495
0.403955
0.010510
0.160373
0.157943
0.157380
0.152269
0.202223
0.142539
-0.009490
-0.016776
0.019400
-0.012120
0.025321
0.017596
0.119917
0.053649
0.000000
0.000000
0.000000
0.000000
0.000000
0.000000
0.000000
0.000000
0.000000
0.000000
0.000000
0.000000
0.035364
0.029169
0.007190
0.023490
0.027728
0.038558
0.020135
0.030263
-0.028557
0.144888
0.094735
0.168384
0.168362
0.168493
-0.075162
-0.034986
-0.052161
-0.053854
-0.031390
-0.025661
-0.038972
-0.032606
-0.029129
-0.027542
-0.017704
-0.027938
0.211287
0.206486
-0.029321
-0.042996
-0.048826
0.007791
0.026406
0.089337
-0.241626
0.000000
0.000000
0.000000
0.000000
0.056355
0.067022
0.008357
0.008231
0.067088
0.047114
0.046035
0.039529
0.024751
0.016446
-0.021534
0.033643
-0.000758
0.028654
-0.001931
0.020643
-0.024727
-0.027807
0.006549
-0.007386
-0.001419
-0.019925
-0.057263
-0.049318
-0.020566
-0.041562
-0.042680
-0.047904
0.000527
0.028729
0.123066
0.000000
0.000000
0.000000
0.000000
0.000000
0.000000
0.000000
0.000000
0.000000
-0.113690
0.063679
0.041608
-0.023720
0.082829
-0.000180
0.311058
0.250173
0.305708
0.256593
0.309723
0.308565
0.294611
0.302131
0.307016
0.309273
0.310257
0.303686
0.288189
0.318544
0.331449
0.326202
0.305990
0.282015
0.282608
0.278398
0.284016
-0.003341
-0.092363
0.287320
0.247712
0.256121
0.251834
0.291123
0.302947
-0.065315
-0.068407
-0.054770
-0.029698
-0.026804
-0.035743
-0.024594
-0.030411
-0.027813
-0.027831
-0.039675
-0.032538
-0.026541
-0.033870
-0.035153
-0.027361
-0.063608
-0.021599
-0.019815
-0.016300
-0.026922
-0.018993
-0.014856
-0.006532
-0.004540
-0.012205
-0.046022
-0.078797
-0.013279
-0.019997
-0.014295
-0.018552
-0.020066
-0.013693
0.221620
0.315214
0.157455
0.128312
0.272896
0.255051
0.251809
0.254647
0.257437
0.300666
0.275433
0.307474
0.221569
0.311732
0.299797
0.299495
-0.072922
0.106261
0.000000
0.000000
0.000000
0.000000
0.000000
0.000000
0.000000
-0.002069
0.132012
0.072092
0.034865
0.031406
-0.054757
0.469577
-0.046379
-0.072209
0.043444
0.000000
0.000000
0.000000
0.000000
-0.154467
0.053293
-0.049884
-0.072659
0.337708
0.259739
0.343193
0.345730
0.342505
0.340233
0.339986
0.330829
0.330935
-0.024111
-0.000896
-0.012596
-0.006622
-0.013083
-0.015966
-0.027798
-0.029927
0.144334
0.130863
0.195774
0.203104
-0.018887
-0.002062
0.131276
0.038296
0.105818
0.109282
0.070332
-0.067086
-0.098671
0.179296
-0.054481
0.171191
0.526456
0.512419
0.536096
0.528457
0.521913
0.429243
0.423159
0.396651
0.368687
0.405787
0.401589
0.381315
0.380731
0.368650
0.377369
0.349807
0.336891
0.343787
0.349745
0.377262
0.332458
-0.098219
-0.107544
-0.115626
-0.104853
-0.108352
-0.109842
-0.105833
-0.123463
-0.124396
-0.040987
-0.034824
-0.134270
0.241809
0.247097
0.251954
0.250529
0.275229
0.295195
0.297045
0.273671
0.350899
0.236649
0.272038
0.270112
0.265326
0.233603
0.246209
0.245497
0.255195
0.242523
0.332737
0.319621
0.261504
0.276439
-0.061171
-0.047367
-0.000604
-0.050981
-0.083286
-0.099149
-0.088844
-0.063003
-0.094578
-0.087844
-0.064335
0.018805
-0.036976
0.159831
0.130728
0.148118
-0.005214
-0.069801
0.011985
-0.035559
0.058019
0.022587
0.021994
0.064177
0.014945
-0.012657
0.076738
0.009026
0.018507
0.079674
0.015263
0.014829
0.001213
-0.053288
-0.028350
-0.145466
-0.088293
-0.083342
-0.099757
-0.082221
0.055416
0.068761
0.098970
-0.109980
0.031150
-0.085847
-0.180231
-0.603594
-0.113148
-0.080651
-0.059429
0.018133
-0.051349
-0.028438
-0.047284
0.034745
0.041486
0.010463
0.026931
0.012597
0.008735
0.013131
0.007791
0.084538
0.099809
0.072772
0.096195
0.065392
0.084942
0.012251
0.092347
-0.008926
0.016518
-0.034144
0.011375
-0.033320
0.026851
-0.036704
-0.019945
0.038067
-0.021150
-0.013438
-0.009098
-0.027179
-0.036342
-0.034451
0.080884
0.037485
0.036781
0.063533
0.011464
0.051544
-0.041145
0.028540
0.041118
-0.050830
-0.049131
0.067459
0.069553
-0.000491
0.092601
0.046199
0.017782
0.077559
-0.035580
-0.067501
0.000000
0.052192
0.000000
0.000000
0.000000
0.000000
0.000000
0.009539
-0.092432
-0.019669
0.071143
-0.117051
-0.086279
0.067023
0.019733
0.000000
0.000000
0.000000
0.000000
0.010998
-0.023109
-0.087319
0.015083
-0.072392
0.113756
0.045583
0.109532
0.043263
0.077237
0.035639
0.054395
0.015228
0.045709
0.025836
0.029236
0.035985
0.029049
0.001459
0.039135
0.041713
0.030625
0.019938
0.046805
0.024846
0.076974
-0.100216
0.000000
0.000000
0.000000
0.000000
0.000000
0.000000
0.000000
0.000000
0.000000
0.000000
0.000000
0.000000
0.000000
0.000000
0.000000
0.000000
0.000000
0.000000
0.000000
0.000000
0.000000
0.000000
0.000000
0.000000
0.000000
0.000000
0.000000
0.000000
0.000000
0.000000
