0.000000
0.000000
0.000000
0.000000
0.000000
0.000000
0.000000
0.000000
0.000000
0.000000
0.000000
0.000000
0.000000
0.000000
0.000000
-6.541047
-8.896255
-11.070524
-15.724089
0.000000
7.868298
0.000000
5.216166
3.390179
-8.094791
-3.532093
-0.513078
-4.469058
-1.144349
2.210050
-5.343082
-2.792473
-2.470334
-2.167507
-2.079749
-2.684145
-2.450538
-1.668554
-1.794766
-2.298522
-3.257328
-8.164146
-4.553794
-4.862048
-5.009200
-4.921205
-4.743153
-5.231273
-4.979949
-4.898209
-7.332361
-7.269487
-7.056060
-4.165665
-5.181243
-14.012449
0.000000
0.000000
0.000000
0.000000
4.817577
4.029910
3.906495
4.209703
4.675784
4.133050
3.474352
2.399262
-0.060106
-1.255511
1.852437
3.399043
5.423572
5.423990
8.666606
6.164579
-2.408483
-3.503320
-4.281611
-8.265295
2.341669
-0.621817
-3.029060
-7.800979
-13.978061
-20.000007
-22.088256
-30.902308
0.000000
0.000000
0.000000
0.000000
0.000000
8.379040
7.911022
7.492750
6.694787
6.738639
6.334825
5.789996
5.969648
5.705771
5.718898
4.739198
4.684636
4.802302
4.894113
5.815539
6.230627
6.719766
7.571935
0.000000
0.000000
0.000000
0.000000
0.000000
0.000000
0.000000
0.000000
10.087960
10.171371
9.474067
9.411343
9.827554
8.653748
7.870433
7.604804
7.118914
7.171294
6.957845
6.825434
6.346001
6.251809
6.336075
5.281213
4.133942
3.738961
3.473879
3.194321
3.250702
2.539515
2.804866
2.405462
4.075661
4.170635
6.027583
3.905385
4.116296
4.061120
7.883797
7.031990
12.313436
17.663767
28.029011
-10.878804
-7.139130
-6.731394
-9.807638
-11.101811
-21.486671
-21.859877
-22.503940
-19.242179
-20.322938
-22.084165
-21.343020
-20.283125
-19.982887
-21.916197
-22.677056
-21.276207
-21.608381
-21.513316
-10.039793
-6.377475
-4.976647
-8.192040
-7.777335
-8.718543
-5.080209
-7.595058
-4.294328
-8.090855
-9.208023
-8.206657
-8.423805
-8.803831
-8.767696
-12.007617
-10.050391
-8.504881
21.305537
25.388738
20.091100
22.142860
24.362589
25.106456
24.396922
25.206723
24.843422
-26.108207
61.351236
51.315558
47.479366
47.961267
-12.121069
-14.407942
-13.228407
-16.752980
-16.427589
-15.327797
-17.949450
-16.772107
-16.762307
-16.959236
-16.696668
-17.041908
-15.867496
-16.123480
-17.667378
-12.296354
-10.522459
-10.160978
-3.844684
-5.580893
-5.299972
-5.272202
-4.945408
-4.704239
-4.723591
-5.097384
-4.667309
-4.273198
-1.595316
-2.261737
-10.543186
-7.889555
-11.304853
-11.795639
-9.845881
-10.369844
-10.360438
-10.506924
-8.937851
-8.422054
-10.832109
-11.072303
-7.039968
-0.232239
-1.556171
-0.308598
-1.275228
0.529005
-0.758045
4.240372
4.353647
7.124127
2.215734
4.235414
4.408585
5.501372
3.742394
3.451693
-4.964523
-8.030057
-6.813662
-10.214409
-6.471516
-3.593583
-1.351107
-2.918077
-2.523090
-2.184704
-2.133193
-4.027701
-0.506415
-0.359836
-2.247630
-3.262174
-2.603731
-2.445539
-1.838393
-3.024858
-2.620501
-2.371422
-1.702556
-1.665351
-1.926737
-3.904983
-3.875312
-3.383503
-3.317852
-3.112171
-2.947045
-1.244804
1.289874
-0.683932
-0.769808
-1.475480
-3.224627
-2.743794
-2.161992
-2.142165
-2.109761
-1.937525
-2.067484
-1.566927
-1.527966
-1.285197
-0.855685
-3.863693
-3.141636
-3.102166
-3.326845
-3.306090
-3.411065
0.775666
0.702894
0.706017
-3.140908
-3.077035
-2.886604
1.364429
-2.792337
-2.590929
-4.788221
-3.305452
-3.232341
-3.118567
-3.219681
-3.069600
-3.002679
-3.041907
-2.916046
-2.753858
-2.869979
-2.379885
-2.096251
-1.896766
-2.018077
-1.615275
-1.325843
-1.312740
-0.846081
-0.759210
-0.641616
-0.454324
-4.275350
-2.282939
-0.198308
-3.875760
-3.704790
-1.160919
-2.479531
-0.205180
-2.716568
-2.580518
-3.888151
-3.313467
-1.147338
-3.104386
-3.892656
-1.426707
-2.251877
-2.589847
-1.487679
-1.794180
-1.222819
-3.234201
0.719619
-2.309344
0.929670
-2.230954
-2.142732
-3.258708
-2.664301
-3.564372
-2.308215
-0.118318
0.340826
-1.757447
-1.980459
-2.630491
-2.898462
-1.546847
-1.793507
-1.699198
-1.651080
-1.502296
-1.330653
-1.526837
-1.451571
-1.432677
-1.429328
-1.578838
-1.474910
-2.184108
-1.765430
-1.596862
-1.359840
-1.383330
-1.166562
-1.453625
-1.450994
-1.232163
-1.444762
-3.486126
-3.533386
-3.531905
-3.417231
0.628933
0.900620
0.695223
0.426347
0.657945
1.031951
-1.222889
1.042260
-2.170215
-5.980655
-3.670655
-14.030493
-28.685439
-39.146476
-48.264894
-52.409367
125.405765
125.314685
125.255887
125.485161
125.307973
-54.093323
125.800134
124.747306
125.114669
124.516717
124.174266
124.093271
124.001032
124.370619
123.330716
123.518046
123.876423
123.444022
123.721152
122.964863
123.516728
123.425321
124.903849
-44.851389
-44.918815
-44.831348
-44.788552
-45.372094
-45.977143
-46.545153
-46.338344
-46.435089
-46.195543
-46.384237
-45.634130
-45.020342
-43.977890
-44.163200
-44.293917
-44.111375
-43.800914
-43.874865
-43.295613
-43.501980
-43.321080
-38.135880
-32.856822
-32.949738
-33.611059
-33.477311
-33.459443
-34.495136
-33.632260
-33.345489
-33.032948
-33.477232
-32.900971
-32.719927
-32.532590
-32.016245
-31.335867
-30.960648
-30.868044
-30.283811
-29.588363
-29.583362
-29.240885
-29.001672
-29.042325
-28.919843
-29.790577
-28.653252
-28.976986
-28.498201
-9.859584
-5.001653
-1.530087
-11.549659
4.639151
-8.562848
-8.879208
39.369652
32.254528
-16.107563
9.240898
12.610182
9.240988
7.254849
8.146556
9.084052
4.402132
4.170556
4.326686
5.276931
6.325254
6.534730
6.916123
7.185857
7.422486
7.050226
-26.176067
-26.327012
2.294147
8.881953
9.397505
9.678028
4.192224
-23.345356
-22.967206
-23.181093
-23.266604
-23.364692
-23.068657
-22.498368
-22.811148
-22.790618
4.835941
4.670600
-22.738360
-23.159428
10.224826
-23.297870
10.839395
11.528560
11.484984
-15.806692
-15.729543
-15.957347
-18.775958
19.337913
6.297043
-24.736598
-25.786930
-26.149876
-22.185613
0.000000
0.000000
0.000000
0.000000
0.000000
0.000000
0.000000
-22.778384
-24.886233
-5.469393
0.107872
-22.777151
-20.113140
-20.054650
-18.027221
-17.743389
-17.887484
-17.856312
-22.518408
-17.900110
-18.231422
-18.489941
-18.197142
-20.632797
-17.868595
-17.977619
-18.157091
-18.292724
-18.240112
-19.878116
-17.791224
-18.323057
-19.329119
-20.124552
-18.011588
-21.905129
-17.402112
-17.547151
-18.024616
-17.998504
-18.117681
-20.779724
-20.284202
21.978273
-9.611786
-9.822994
1.330419
0.740937
-5.203795
-2.279205
-1.757569
-8.984288
-7.011614
-7.027507
-5.810564
-3.067870
-5.300502
-2.845524
-5.029474
-5.279453
-5.031224
-5.501081
-5.366828
-2.828927
-5.439683
-1.677563
-2.342541
-2.640716
-2.980508
-3.293651
-1.847341
-1.919631
-1.866710
-2.276016
-2.071207
-1.882414
-1.959195
-1.850462
-2.201134
-2.307303
-2.361031
-2.424593
-3.751114
-1.767555
-2.212774
-1.034788
-0.076491
-0.402881
-0.577001
-0.590148
-0.649211
-0.742662
1.362802
-1.427698
-1.681041
-1.681548
-1.968681
1.867964
-2.727953
-0.755745
-0.587388
-1.105681
-2.293033
-1.798427
-2.961420
-4.542394
0.000000
0.000000
0.000000
0.000000
0.000000
0.000000
0.000000
7.731674
6.741062
5.319635
-1.195506
1.958641
-2.146549
2.351678
-1.142284
-0.621000
-0.316551
2.426606
0.450125
0.440308
0.828658
1.069661
1.058374
1.463540
1.627495
1.668865
1.430268
1.984872
-2.009941
-1.607501
-1.377404
-1.511913
-1.452107
-1.629936
-1.306684
-1.426936
-1.071119
-0.978920
-0.668857
-0.412254
-0.116719
-0.105560
-0.063480
0.204873
2.513131
0.790406
0.418752
-3.080657
-0.465189
-2.334963
-2.351057
0.723566
5.055283
0.828145
-4.071158
-0.214705
-2.689042
-4.629628
6.834029
-2.316806
-5.464444
-5.759618
-4.422132
-7.860762
-8.005821
-8.233197
4.232479
5.269844
-4.755221
-4.820502
-5.154460
0.359380
0.229556
-0.036062
-8.523669
-0.795973
1.287892
0.697715
0.716778
0.613354
0.405432
0.333374
0.000771
-0.199708
-0.246568
-0.346216
-0.500191
-0.732648
-1.057250
-1.103318
-1.093172
-1.444970
-1.547102
-1.813283
-1.885962
-1.909973
0.319050
-1.887144
-1.958999
-2.004478
0.175390
0.054370
0.065313
0.085953
0.094036
0.133684
-7.848488
-7.962499
-0.042733
-0.060627
0.034625
0.196647
0.160684
0.034557
0.092741
-0.303587
2.227898
-6.626133
-0.057245
-0.997268
-2.589508
-2.508599
-2.429078
-2.587886
-1.820177
-17.816755
-33.030839
-32.976679
-30.096558
-4.678076
-0.770195
0.724189
2.940892
-1.137475
1.492407
2.396680
2.375006
2.152738
-0.651216
2.024838
0.634677
2.978647
0.882478
-0.568185
-1.946584
-2.141149
4.029529
1.787240
-1.738611
1.047378
1.530336
1.503018
1.681272
1.842102
-1.700905
-0.885896
1.837488
1.421938
0.000000
0.000000
4.494573
2.933584
1.026316
-7.903398
-1.754248
-2.754137
-2.390304
-1.479712
-1.242507
-1.379777
-1.595600
-0.884490
-0.866934
-0.828276
-0.923012
2.165788
2.712304
2.853148
-3.853287
-3.193929
-8.872824
-10.044148
-9.961619
-7.550161
-4.924671
-7.314612
-7.279330
-9.199689
-9.221909
-9.812761
-8.193323
-9.597316
-5.158997
-5.567220
-5.094780
-6.733000
-9.083881
-6.640502
-4.134211
-6.216384
-7.487671
-6.793999
-6.627192
-6.466256
-8.260251
-8.048833
-8.136706
-8.019617
-5.430815
-6.652523
-8.459823
-9.031462
-7.674716
-9.405163
-9.566020
-4.883713
-9.288595
-9.002978
-5.989729
-7.873180
-7.632447
-7.465425
-2.872508
-6.086528
-11.140263
-3.843739
-6.263649
-5.901197
-5.904860
-6.090337
-6.253259
-3.786437
-3.871341
-8.705416
-8.619104
-8.762492
-4.791536
-5.046807
-4.467293
-9.452285
-7.746996
-9.815819
-7.836768
-7.632757
-9.696970
-6.984489
-4.686574
-4.752893
-7.704493
-7.547452
-7.891141
-3.825513
-3.674768
-3.263472
-7.781924
-3.364095
-7.693983
-7.850599
-5.756673
-5.798923
-6.436472
-6.373380
-7.150587
-5.154788
-2.589046
-5.352287
-5.602745
-8.088679
-7.955011
-7.884673
-5.650593
-5.393645
-5.399109
-5.226569
-7.039330
-7.223691
-6.878315
-1.668450
-1.038503
-1.484886
0.480294
0.407545
0.526801
0.876117
-3.774654
0.938724
0.375719
0.088194
-2.162335
0.621936
-1.515942
-1.304299
-1.138903
-1.216732
-0.717183
-0.650243
-0.644874
-0.249272
-0.630491
-0.481690
-0.354213
-0.162431
-0.235096
0.023052
-0.252626
-0.012270
-0.385641
0.032705
-6.886096
-0.534085
4.491145
-0.037946
-0.978532
-0.038651
-0.581218
-0.539537
-0.841558
-1.251219
-1.693459
-1.908297
-2.209612
-1.859318
-2.026538
0.063059
-0.049792
-0.099152
-0.359297
1.156298
1.461002
0.687565
3.004172
0.800122
0.656762
0.597961
-1.353221
-1.783820
-1.497638
-1.746455
-1.506869
-1.341192
-1.261065
-1.291518
-1.304741
6.606327
7.796632
5.552830
5.836549
3.497998
12.611415
6.151259
6.003988
8.677283
11.231287
14.324065
11.488489
14.481922
11.540301
11.838843
-0.143536
16.042472
13.295867
13.457824
1.914805
13.899591
14.290826
11.701789
17.275477
14.387517
14.542206
14.415578
17.900675
14.961061
15.336141
14.071999
14.129621
11.662548
11.750160
12.047563
12.243323
15.955771
13.028227
-3.246253
-2.359457
-2.886150
-4.051173
-3.371434
-1.703798
-2.589033
-3.041203
0.444896
-0.069787
0.108176
0.263092
0.617214
0.405141
-1.826212
0.498363
-1.155296
1.753493
-1.484573
8.433296
-2.384728
-2.701161
0.396309
7.169860
0.000000
0.000000
4.670029
1.379173
-1.272703
1.628545
2.042769
1.591485
0.081482
9.826791
10.095100
7.378475
4.587999
3.763353
6.453461
5.947998
4.660470
4.388784
5.649004
1.802728
2.339899
2.454549
5.036139
3.728951
7.406359
0.225408
3.465632
1.866006
1.740408
1.269484
1.622304
0.817933
-1.546866
0.626341
2.520287
3.648990
3.911445
2.599707
3.954459
3.282836
3.016966
2.204713
2.514328
-0.148366
-0.796680
3.881032
4.053993
0.139001
2.526359
1.424621
3.220177
2.627700
3.143925
2.635553
2.290004
3.036317
4.374103
4.136052
1.092259
2.580877
4.528813
3.643792
2.062490
1.608538
1.216386
3.440872
4.886233
4.578416
4.198742
3.978643
6.766138
3.819854
3.380464
4.716902
4.023321
-1.568062
6.718269
0.630666
0.236263
9.326792
-1.552371
-3.560108
-1.419596
-0.355215
-1.995981
5.534113
7.807759
5.124270
2.068680
3.190301
2.998138
6.299618
-0.154355
-0.005266
0.436933
-1.196921
0.336511
-0.335648
1.562438
8.000830
-1.912490
-0.192097
0.916442
-2.551316
-1.188462
-0.929853
-4.262184
-0.361390
-0.340967
5.532076
10.078366
7.514041
7.041698
6.734618
5.727754
5.329695
5.236279
7.065088
8.014911
7.981808
7.211248
4.789462
-0.904378
-1.960898
0.554457
1.100438
5.302017
-0.856734
-0.817739
0.000000
0.000000
0.000000
0.000000
0.000000
0.000000
0.000000
0.000000
0.000000
0.000000
0.000000
0.000000
0.000000
0.000000
0.000000
0.000000
0.000000
0.000000
0.000000
0.000000
0.000000
0.000000
0.000000
0.000000
0.000000
0.000000
0.000000
0.000000
0.000000
0.000000
0.000000
0.000000
0.000000
0.000000
0.000000
0.000000
0.000000
0.000000
0.000000
0.000000
0.000000
0.000000
0.000000
0.000000
0.000000
0.000000
0.000000
0.000000
0.000000
0.000000
0.000000
0.000000
0.000000
0.000000
0.000000
0.000000
0.000000
0.000000
0.000000
0.000000
0.000000
0.000000
0.000000
0.000000
0.000000
0.000000
0.000000
0.000000
0.000000
0.000000
0.000000
0.000000
0.000000
0.000000
0.000000
0.000000
0.000000
0.000000
0.000000
0.000000
0.000000
0.000000
0.000000
0.000000
0.000000
0.000000
0.000000
0.000000
0.000000
0.000000
0.000000
0.000000
0.000000
0.000000
0.000000
0.000000
0.000000
0.000000
0.000000
0.000000
0.000000
0.000000
0.000000
0.000000
0.000000
0.000000
0.000000
0.000000
0.000000
0.000000
0.000000
0.000000
0.000000
0.000000
0.000000
0.000000
0.000000
0.000000
0.000000
0.000000
0.000000
0.000000
0.000000
0.000000
0.000000
0.000000
0.000000
0.000000
0.000000
0.000000
0.000000
0.000000
0.000000
0.000000
0.000000
0.000000
0.000000
0.000000
0.000000
0.000000
0.000000
0.000000
0.000000
0.000000
0.000000
0.000000
0.000000
0.000000
0.000000
0.000000
0.000000
0.000000
0.000000
0.000000
0.000000
0.000000
0.000000
0.000000
0.000000
0.000000
0.000000
0.000000
0.000000
0.000000
0.000000
0.000000
0.000000
0.000000
0.000000
0.000000
0.000000
0.000000
-5.445254
-4.475048
5.381358
-3.054109
1.711466
-1.245280
-1.789835
-0.536463
0.691985
-3.344391
-3.496855
2.019472
0.423487
3.427679
2.236324
-1.916012
0.221526
-2.312202
0.753214
0.410195
0.000000
0.000000
0.000000
0.000000
0.000000
0.000000
0.000000
0.000000
0.000000
0.000000
0.000000
0.000000
0.000000
0.000000
0.000000
0.000000
0.000000
0.000000
0.000000
-5.396036
-9.431510
-5.517597
0.000000
0.000000
0.000000
0.000000
0.000000
0.000000
0.000000
0.000000
0.000000
0.000000
0.000000
0.000000
0.000000
0.000000
0.000000
0.000000
0.000000
0.000000
0.000000
4.390661
-19.248001
-10.176585
-10.964086
1.632553
0.994042
-0.731730
4.323985
2.767921
1.232819
-2.008751
-1.684546
4.130186
-0.870666
-2.433772
-1.425082
-1.527634
-2.258405
0.488326
2.679990
0.000000
0.000000
0.000000
-2.290400
-4.916558
0.382743
-2.015185
-3.780182
-4.623996
-3.499317
2.923241
2.880646
2.903339
2.127028
0.366558
4.941600
-3.500815
-2.067400
-2.450632
-2.792400
-2.983173
-3.414710
2.150998
-1.774386
-2.294901
-2.967887
-2.242317
-1.551889
-0.673091
-1.575274
1.149103
1.563401
3.126103
0.215046
-0.282142
-0.825012
0.990760
4.109293
2.098612
1.126526
3.728140
1.933011
2.432710
2.429130
2.136923
-1.181682
1.723949
1.167705
0.243912
0.722497
2.249614
-8.220017
1.218488
-4.743097
-24.548617
0.000000
0.000000
0.000000
0.000000
0.000000
0.000000
0.000000
0.000000
0.000000
0.000000
0.000000
0.000000
0.000000
0.000000
0.000000
0.000000
0.000000
0.000000
0.000000
0.000000
0.000000
0.000000
0.000000
9.998678
10.511181
5.470362
6.340170
3.770555
4.133117
4.290711
4.886328
4.738071
4.696354
4.523148
4.678051
4.985441
4.412430
1.214263
3.217306
-1.947268
-5.210331
2.127758
0.694682
4.035749
-1.701543
0.366460
0.548912
3.809226
3.984376
-0.307273
3.452828
1.381861
1.421269
-1.078907
1.469236
-0.458338
-0.163217
0.697145
1.093797
1.288131
1.629620
1.629118
1.449220
0.955922
0.914558
3.514493
1.069267
-0.710076
1.505813
1.226613
1.019733
-2.168029
-0.249356
1.879127
0.591684
1.458259
1.530533
0.730571
0.548892
0.235438
2.113162
3.739315
2.118632
4.581248
4.165270
3.692741
3.250482
3.887108
3.827057
3.377104
2.655613
2.210035
1.001772
1.872361
-2.278807
-2.983907
-3.662627
-2.278471
-2.654352
-0.563375
-0.904046
-1.311425
-2.096505
-0.038595
-0.185534
-0.519843
-1.028377
-1.590015
-1.992100
-0.144653
-0.704906
-0.913849
-1.564332
-2.185449
-0.271293
-0.563314
-1.025984
-1.486713
-1.733883
0.268797
-2.222618
2.339838
2.470986
2.173288
7.302281
17.136714
5.632635
7.948398
7.514397
11.708946
6.026115
2.129470
3.913805
6.529454
5.894283
5.188561
1.882887
1.529595
6.642772
6.443094
6.248186
5.772269
2.468184
1.730694
3.818463
2.278458
2.297726
2.429799
1.858185
1.448792
1.341202
1.054794
3.291219
0.965136
0.982190
2.247828
2.026892
3.532737
3.012875
2.818430
2.379502
2.061879
1.939337
1.299508
3.356305
3.360806
3.092055
7.123441
5.935201
1.926366
1.524379
1.036634
3.633444
2.880293
2.936556
2.397199
2.218446
2.180607
1.028157
0.362539
-0.426389
-0.597786
-1.086715
0.929330
0.386799
0.192299
0.044489
-0.821885
-1.164874
-1.305352
1.261459
0.891664
-0.041031
-0.584570
-0.552647
1.824385
-1.102437
1.284178
1.225926
-1.726496
0.551956
-2.063413
0.783306
-1.308120
1.232196
0.891204
1.083280
0.720112
0.576108
0.180882
0.001133
-0.548889
1.759398
0.843998
0.447037
0.422123
0.013920
1.344103
1.562323
1.357405
1.067615
0.758970
0.671948
0.889175
1.163403
1.136541
0.599718
0.251003
0.267782
-0.026339
-0.061612
3.759311
3.756667
3.201430
1.342053
3.043041
2.769878
2.656211
2.525748
2.364896
1.930946
1.845873
1.425447
1.187323
1.308331
0.852615
2.451784
2.089816
1.969937
1.946208
1.736365
1.530863
1.483918
1.316353
1.353965
1.423046
0.850324
0.945365
2.715315
1.259952
-0.734247
-1.296829
-1.157805
-1.742031
-1.904518
1.167979
0.436052
2.877591
2.330178
2.026990
1.687032
1.460593
2.943596
2.822632
2.475927
2.113794
4.381844
1.962479
3.896101
3.924304
3.518129
3.404717
3.516037
3.450724
3.361210
3.405090
3.058448
2.976336
3.134069
2.658084
2.144351
2.129749
1.199473
4.792072
2.712041
2.557630
2.306701
2.194838
0.722265
2.047122
-2.058778
-2.879461
-3.223960
-1.462960
2.201179
2.149977
-2.124874
1.459146
1.554460
2.834792
1.751580
1.692169
-0.986881
-1.106606
1.487605
3.552810
3.723475
3.719588
3.407880
1.665456
-0.671804
-0.570114
-0.994134
-0.553762
-0.990112
0.330032
0.550220
-0.632905
1.155766
0.812409
0.368691
0.674369
-3.415212
-1.416958
-4.802851
-4.971289
-2.461481
-1.246628
1.258232
-2.644962
-2.613304
-1.967119
-2.013271
-2.283496
-0.003289
-2.725301
-2.935163
-5.713233
-4.969420
-1.280055
-2.523851
-2.130934
-1.366210
-2.465757
-2.537464
-0.573031
0.584400
-0.023120
-1.465427
0.908307
-0.207144
-1.315428
-1.046685
-0.820878
-2.656075
-2.998958
-1.697160
-2.014735
-2.944866
-3.926254
-2.752984
-1.661749
-6.084009
-7.042241
-3.168339
-2.215779
-5.246046
-6.173526
-8.519238
-7.276888
-14.673700
-13.343108
-18.643360
-14.785681
-20.751555
-19.548140
-17.408108
-11.004929
-18.911529
-8.172481
-9.734419
-4.480509
-4.608616
-3.662293
-6.097152
-0.229713
1.639689
1.003745
-0.053490
1.574164
1.275225
0.804476
-1.939556
-2.977668
-2.909023
-0.799715
-0.963618
-0.641426
-0.979773
-1.575089
-1.702851
-1.809244
1.023031
2.611539
2.442725
-0.959296
-0.173325
-2.641077
-0.744384
-3.733442
-4.859265
1.008627
-3.765846
-2.853901
-3.123872
-5.813860
-4.145676
-1.152556
-0.447010
-2.289559
-1.500424
-4.583380
-5.945140
-1.779780
-1.223090
2.075647
0.855593
-0.463364
0.531242
1.609747
3.398184
0.222789
2.447518
2.285764
4.163297
2.196306
4.209032
3.099360
2.884407
2.964811
2.034726
4.300929
3.637981
3.310383
3.314166
3.144274
2.614986
5.200308
5.040080
4.814783
3.935237
1.831302
4.343216
4.340602
1.380244
1.318483
0.416749
-0.402460
1.219238
1.180499
14.720447
13.011364
14.165114
16.103481
14.138395
10.309112
12.688577
12.120523
12.046041
-0.140770
1.245262
0.418777
2.576742
3.131730
-2.248196
-3.226564
-3.559138
-1.347466
-2.433118
-2.564184
-0.421249
-0.682697
-1.141682
0.933894
-0.502767
10.991717
12.997752
9.816013
12.621770
13.776527
10.996718
10.692429
9.706406
7.462366
6.318788
9.863488
3.453187
2.852203
2.880013
6.785538
4.316372
3.792615
5.840158
5.471258
4.389316
6.050374
3.906359
6.594082
4.662740
2.491083
4.599730
5.015882
3.937917
4.306206
4.237215
3.304243
5.596682
4.579251
3.852527
4.755043
3.946077
4.964379
4.763824
5.334290
5.119203
4.784567
3.605928
3.216751
6.110015
4.114164
5.023669
6.009350
3.357783
1.672539
3.684573
0.626864
3.195570
1.234275
0.780895
-1.732434
1.614186
1.188056
0.497931
-1.603664
-2.524291
-5.545395
-4.288441
-3.602224
-6.888042
-2.236944
-0.447300
-3.714621
-1.853159
-2.662465
-1.655273
-5.629427
-4.136844
-4.847798
-8.239660
-1.334320
1.794977
0.130419
1.205339
-0.759666
0.206654
2.512000
2.543862
1.854954
0.276655
0.350696
-0.261178
4.013170
4.334855
7.364844
5.674150
6.827803
6.367943
6.528097
5.164302
6.588566
4.808638
1.427502
3.172810
3.601099
0.456965
0.587790
1.662136
0.363132
2.692983
5.813863
12.715587
16.126732
11.335087
-2.270418
-2.856947
-1.727369
-4.165852
0.586414
-1.113928
13.500196
14.840390
12.863132
10.927990
-6.319744
-5.254890
8.650141
4.181423
7.854873
7.700554
6.547983
6.771031
8.041627
7.907395
6.597770
7.792460
10.464959
10.095502
10.292056
11.115977
9.273107
4.454368
4.137801
5.499715
3.237700
4.285203
4.263340
2.762985
0.003512
-0.383040
1.712849
2.794984
1.640871
-2.623677
1.308143
1.737733
1.118540
-4.192601
-1.985911
-2.914977
-3.222667
-3.733099
-3.579064
-4.232559
-3.664093
-4.215882
-3.733112
0.260603
0.700678
1.346744
0.865112
1.314094
-1.324524
0.587924
0.062284
0.201578
0.330624
2.221236
2.194899
2.397059
2.774651
3.528220
-1.388916
-0.446038
0.523209
1.097000
1.050405
5.714309
2.332137
2.740526
2.092777
0.328992
2.764140
6.230306
-6.119577
-4.761714
-2.754495
-3.474625
-3.385263
-5.400868
-3.365554
-3.716761
-4.301325
-4.293743
-4.671610
-4.721401
-4.925095
-5.258506
-5.038730
-5.156837
-5.065475
-2.691125
0.840925
-1.493821
-1.350665
-1.240296
-1.613030
-1.605154
-1.773959
-2.312079
-2.274488
-1.312121
1.000596
-1.707702
-1.777031
2.199691
2.150335
2.320091
-0.127850
1.859234
-2.913745
-0.726526
-3.075265
4.508619
-2.293478
0.404571
2.894421
2.897499
-1.784031
3.234355
1.011312
1.169521
-0.442029
-0.308851
-0.000511
2.278893
2.645644
2.701072
3.001225
3.027677
3.211086
2.968705
0.155064
0.336977
0.153530
0.171234
0.614118
0.363382
4.349842
2.309817
1.194321
1.162384
1.270207
1.277702
1.498251
1.559714
1.725529
1.827396
-0.095738
0.029014
-0.687282
2.043903
2.217182
2.281058
2.283398
2.461576
2.708623
2.717258
3.162965
0.085171
4.261365
0.858473
0.927387
1.349603
-0.486755
-0.522175
-0.416022
0.554830
0.469403
-1.711214
-1.269347
-0.867367
-0.252333
1.061769
1.129236
1.273167
1.432045
1.851673
2.129915
2.013297
1.960593
0.112385
0.236769
0.310953
-1.704297
-0.319685
-0.893618
-0.589653
-0.427279
-0.617499
1.061032
1.429981
1.731711
1.782467
2.452368
4.657577
3.286303
1.828440
2.039177
0.213090
0.446576
0.476166
0.619036
-1.502439
-1.470122
-1.262609
1.395841
1.692071
2.197247
2.402972
2.501823
2.892210
0.570085
0.057678
1.073372
-1.143781
-2.783115
2.866768
-7.192244
-4.192794
-4.455615
-3.865732
-6.530037
-3.430735
-3.608520
-4.305665
-6.906301
-6.624851
-4.859989
-5.857554
-4.851208
-5.490373
-4.846321
-1.539604
-3.492281
1.008692
-2.723595
1.963454
-2.445356
-0.036146
-2.598855
-2.475781
1.546951
-0.970665
-0.891326
2.004859
2.057882
2.198705
1.956829
2.327647
0.839776
-1.844629
-3.932246
-5.097327
1.715435
4.269600
7.207673
6.335615
4.790382
2.967344
2.029345
-3.258148
-1.605342
0.837247
1.169843
0.394976
-0.089159
0.327339
1.344171
-0.678235
-0.717865
-0.676128
-0.022633
-1.514260
-0.709102
1.170962
-0.647176
0.033099
0.654987
-0.554079
-2.167507
-3.522914
-0.350395
-4.067761
-3.549145
-2.764577
-2.587019
-3.105962
-2.319612
-2.407619
-2.012518
-2.069345
-1.913623
-2.731595
1.698598
-2.343003
-1.764183
-1.268763
-0.917203
-0.784398
-0.811823
0.923296
0.653719
-1.351684
0.926370
1.011219
1.447226
1.875412
1.955309
4.197820
4.278081
4.396228
4.447980
4.267337
4.130087
4.007770
3.972368
3.721418
3.257536
3.300761
0.040112
0.210802
0.286086
-0.434177
0.360530
0.532395
1.932025
-3.181227
-3.862783
-5.840995
-3.473319
-3.142323
-3.749416
-1.136971
-1.178584
-1.523378
-1.518771
-1.833656
-2.089465
-0.105513
-2.461029
-3.265378
-3.886899
-4.326484
-1.547364
0.748446
0.311261
-0.072292
-0.487677
-1.158527
1.348253
0.466222
0.286462
-0.481028
-0.703517
1.280627
1.083809
0.038033
0.453494
2.523941
-1.613147
-1.800218
0.232824
-0.162935
-0.734044
0.959530
0.662411
-2.068489
1.419007
3.680136
-0.612381
-1.003358
-1.201636
0.557957
0.174094
0.007654
-0.577893
-0.770663
-1.923398
1.649131
3.203249
3.237393
2.770821
4.557332
3.992649
1.029089
-0.747684
-1.107683
0.218068
-0.195256
-0.647522
1.068637
0.945410
0.365086
0.632079
1.009901
-0.044186
0.030042
-0.546247
-1.133730
0.536133
0.020606
2.106290
1.452574
0.773467
2.712957
4.004326
3.456336
1.974234
3.349495
4.913744
3.408513
-5.466648
-11.710616
-10.463599
-4.208848
-0.663534
2.487021
-0.027154
-0.008570
-11.294695
0.000000
0.000000
3.216398
1.006568
0.440128
-0.297547
0.180852
0.926980
-0.069958
-1.383655
-0.124286
1.002376
2.095121
3.283744
2.615152
4.085233
3.309401
4.867814
4.132684
6.501374
3.789057
1.542004
2.715202
2.200008
3.910900
2.672703
4.249055
5.875328
5.168573
7.242890
6.466698
8.245701
5.201322
6.988715
6.859900
8.100718
7.829896
4.157462
1.550120
2.203919
1.571214
0.786689
2.308912
1.456410
2.902418
4.237665
3.803481
1.977530
3.119833
2.480270
4.355514
3.918861
5.489119
4.971970
4.538989
6.092759
6.022864
4.222358
2.501178
2.843159
2.250907
2.489078
1.788038
3.426822
2.795117
3.782636
1.516291
4.749882
2.270374
3.536399
3.040534
4.167004
3.534762
5.200237
4.854020
6.263462
5.910528
2.669224
1.219501
0.708650
1.965513
1.017153
2.466639
1.740028
1.226441
3.060435
0.812180
4.119148
1.912400
5.373355
2.125407
1.286059
0.537877
0.156190
2.017844
1.134343
2.677449
4.364248
3.972165
-2.363098
-0.818881
0.531657
-0.130968
1.137301
2.957527
0.701377
-0.369887
0.933813
0.503455
-0.392244
-0.983382
-1.690340
-0.195695
-0.708533
-1.136179
2.644482
4.207294
-0.304553
-1.840572
-0.466113
-0.870771
0.442948
-0.200672
1.174218
0.460471
1.846574
1.164112
2.891230
2.199859
3.940050
3.247225
2.896014
3.312912
-1.333524
-0.631499
-0.796215
-1.616252
-0.136154
1.452748
3.005845
2.657283
4.233178
2.113440
1.406548
0.855482
2.852395
2.095209
1.310375
2.762248
2.499941
4.532265
1.462807
-0.274731
0.228859
1.572191
3.115219
1.865541
3.562657
2.887173
4.598304
3.341575
5.069491
4.696629
0.540838
-0.400819
1.116373
0.062482
1.362243
0.924181
2.312158
1.963247
3.678313
2.866334
4.841034
4.657138
-1.401974
-0.966647
0.205169
-0.612047
1.060203
0.234045
1.528971
3.558859
2.876745
4.233100
3.848570
3.047511
4.562971
4.123716
2.134939
1.624683
5.153636
0.624659
3.335097
2.618690
4.094803
3.214012
2.879573
4.126455
3.511449
4.872384
4.174221
2.082627
3.788546
3.131862
2.427810
1.496527
2.086447
1.949601
-0.998035
0.050589
2.591535
0.298009
3.191892
2.139665
0.346947
1.763187
1.097154
2.561439
3.705925
3.213680
4.813416
3.996556
4.436620
1.363723
0.051180
2.525007
-0.051025
1.306139
0.795026
2.460795
4.132731
3.015103
3.893115
3.026996
4.668694
0.911428
2.870160
1.596010
3.106011
2.733363
-1.965349
0.837452
0.301607
1.887731
2.785608
4.078684
3.143698
4.544202
3.467248
2.905416
4.440627
4.112263
5.044305
0.542305
0.429242
0.574876
0.929858
-0.226842
1.174556
2.236682
1.549393
2.862643
3.919291
5.360654
4.303383
3.686679
4.842317
6.111729
1.289859
0.755347
-1.318436
-1.896019
0.348746
-0.857334
0.157227
1.114900
2.896671
4.067780
5.223348
4.435978
3.497837
2.310363
-0.679480
0.917821
2.210792
1.156797
0.455702
2.119337
3.827883
4.990109
1.127481
0.108800
-0.772915
2.790604
1.360216
2.693262
1.842528
0.866153
4.438104
2.020689
0.914099
0.560681
-0.470312
0.897376
0.007534
2.044202
-0.517272
-0.889817
2.029695
3.108240
4.775490
6.294685
5.339813
2.730198
4.641833
3.776726
4.767458
5.643289
4.850858
4.843390
0.936094
1.822584
2.794368
1.664572
2.824929
2.075170
3.071235
2.507602
2.479576
1.415698
4.847855
3.626743
3.113536
2.775017
2.667127
0.649625
3.772369
2.433761
1.083112
4.013676
4.786975
3.473595
2.197808
3.329269
1.096403
-0.832005
3.119099
4.195173
3.428351
4.751443
5.641485
3.213371
2.420072
3.310357
4.802240
4.004423
4.011869
1.914241
2.332129
1.173731
2.544472
3.581224
2.604954
4.029911
2.956021
4.461732
2.258364
3.142859
1.230140
1.083775
0.241288
1.310999
0.336746
4.310434
3.341271
4.960632
3.834923
5.291789
4.226114
5.441927
4.514930
6.354737
5.325136
5.480425
2.661094
2.916432
-0.476013
1.082238
2.269834
3.277045
2.964305
4.338672
3.615931
5.101981
6.601647
6.144324
5.334055
6.844560
6.133554
3.981817
7.316214
4.455268
3.408924
4.568733
4.026775
2.567539
4.331589
6.192161
5.475415
5.447018
7.263573
5.695227
5.692293
7.678709
7.124707
6.170727
6.022092
2.978400
-0.974368
4.452493
4.478105
3.650219
3.541716
3.760829
0.829280
2.624020
3.859348
4.952719
5.752701
6.399002
7.545690
5.505271
7.330810
4.506712
4.272412
0.403496
-2.381134
-2.351608
-4.452052
-4.081670
-2.271645
-3.917918
-4.635449
0.099693
1.475684
0.398068
8.417842
9.221333
11.153895
7.652337
9.653506
4.301564
6.071758
4.624599
7.110489
5.064761
6.945581
9.373591
6.367912
4.680848
4.942222
1.409121
3.778185
2.614602
4.363637
2.849025
0.111789
1.819016
5.010894
8.053635
6.283186
6.179604
7.316919
6.399944
6.289563
5.340354
3.505390
2.905084
3.162565
4.419538
2.866847
0.365307
2.648513
4.809312
3.843279
3.570385
2.592909
3.151445
3.022481
3.699563
1.557596
1.034501
2.354620
3.196388
2.715182
1.502192
3.398943
5.361830
3.893012
3.190500
3.752548
4.659063
3.825954
2.864439
2.130323
1.423368
4.498193
3.227755
3.003556
4.218931
3.697035
3.671117
2.702605
4.424425
3.632356
2.772416
2.588968
2.337363
3.918065
2.000336
1.776474
5.247022
4.674095
4.143526
3.816741
3.689485
0.657132
0.362313
-0.196127
2.771600
2.391169
1.704249
3.633978
-0.475762
2.564203
1.920955
4.155654
3.342635
2.908504
3.688553
1.682327
2.900381
2.383625
4.091099
3.911353
3.517242
3.325465
3.044138
2.799446
2.333928
1.932287
3.270525
1.780526
1.302933
4.925612
2.174362
1.919550
1.515380
1.507655
3.573950
3.074856
3.012828
2.446841
2.368585
-0.125904
3.377490
-0.185257
3.456297
2.914396
1.510195
2.614783
2.769553
2.599901
2.653452
2.731550
2.496997
4.590636
2.308455
4.330087
1.785289
1.899702
2.864268
2.581736
1.457158
3.802146
5.224996
5.271813
5.623827
4.579166
6.171107
8.164670
6.688730
0.399665
2.954032
8.849993
6.627923
9.722734
12.389314
4.575685
1.398661
11.485978
10.609039
10.814202
11.571539
10.569992
13.447713
12.696459
3.867462
5.570397
4.021286
1.469848
2.503639
6.754937
-4.469944
-4.512871
-0.533270
4.595084
4.033888
-2.322196
-3.516348
-4.743513
-2.757270
1.767650
1.486399
-7.171633
-6.819537
-7.085722
-25.617083
-1.330708
3.813600
-4.976579
-9.977009
-27.539299
-20.191545
-2.733841
-2.651746
4.738736
0.203838
5.501992
-0.011043
-2.447409
-2.793922
-0.800008
0.386776
0.045795
-1.039815
-3.760900
-0.742622
-4.111767
-4.232801
-3.612888
-3.246035
-1.454181
-3.320893
-4.199297
-5.135540
-5.137699
-4.091223
-4.074800
-3.188959
-4.020312
-5.040390
-3.490304
-3.024574
-2.246945
-2.791505
-3.974361
-3.184299
-4.435736
-3.952397
-2.278165
-1.949640
-4.133449
-2.341200
1.929215
2.315050
2.365771
-2.075046
-1.644973
-2.893281
-0.500994
-0.642945
2.429457
-2.716522
1.307384
-0.180208
-1.279798
1.499160
-0.938036
-0.570672
-2.840464
1.347455
1.256113
-0.860253
0.359124
-2.749387
-2.681857
-1.692943
2.447817
-1.512702
0.009303
-4.034864
-0.059268
-3.762747
-1.704060
-2.154918
-2.247300
-0.280396
0.249610
0.503237
-3.344060
-3.239912
-1.774157
-0.922273
1.254791
-1.485460
-0.155505
-2.169076
1.655081
-0.855751
-0.767116
-2.278096
-3.080335
-3.985033
-0.084666
0.110917
0.043156
-2.031701
-1.085209
2.936793
0.716271
0.256629
0.206287
-0.264845
0.810126
-0.792965
-0.341651
-0.020412
-1.065864
-0.160413
0.356165
-1.442559
-3.117148
-3.447816
-0.215365
-0.375580
0.078547
-1.423958
-1.385176
-0.929062
3.037822
0.160060
0.628525
-0.333353
1.834894
1.195046
0.362443
0.458100
-0.720345
-1.109338
-1.657324
0.052403
-1.306958
-1.610515
-1.804230
-3.549453
-2.078494
-3.154254
1.975702
0.755968
2.893362
-2.696405
-2.915196
-0.939095
-2.861915
-1.502251
-2.519699
-2.634106
0.881081
-2.784490
-2.915627
-0.502873
-4.165465
1.819694
0.913281
-1.167777
2.017539
1.109301
-3.035471
-2.284939
-3.201604
-2.883360
-2.831448
-1.919380
-1.977074
1.179689
-1.501205
-1.535147
-1.864348
-2.612290
-1.491328
0.319472
-1.322079
-0.600673
-1.804885
-2.312830
-3.420214
-4.441112
-5.893951
-2.472323
-4.577675
-2.800521
-3.737307
-3.198834
-1.545326
-1.579286
4.159052
8.690781
7.256382
-3.580741
-3.473837
-0.772948
-3.791156
-2.472725
-3.331107
-2.138001
-3.019653
-3.177262
-3.120688
-4.314451
-4.252342
-3.623644
-3.844661
-5.182328
-5.277466
-5.333455
-5.316879
-3.163529
-2.933477
-4.853596
-4.795615
-5.217970
-5.285973
-5.370559
-3.981752
-3.415934
-2.651822
-1.339317
-2.705100
-1.276800
-1.979620
-3.400737
-2.369504
-0.100327
-3.196832
-2.206544
-1.756116
-6.145746
2.967679
-7.397844
5.106234
-1.827465
-2.521923
-2.894689
-8.629633
0.000000
0.000000
-3.749178
-6.204111
-6.275896
33.667730
38.579861
7.355604
2.727191
-0.132045
0.819045
0.772225
-6.243569
-5.086087
-5.537082
-5.443159
-4.759951
-7.158523
-5.142432
-6.832791
-5.842440
-9.056177
28.753379
28.507780
27.229303
26.686789
26.840377
26.859457
27.652019
28.624957
29.344599
30.115836
31.124641
5.606582
20.529401
13.759773
14.101612
14.668900
18.541188
16.928134
17.977070
17.057907
12.338844
9.738038
10.371412
7.198309
2.212977
6.656512
5.220607
4.737997
4.174827
4.661013
2.080270
0.655960
4.080347
3.117953
6.227368
2.970805
2.153952
-0.028797
2.679548
-0.215183
0.038580
20.538500
18.486660
17.889138
20.826109
7.739380
7.223704
7.980100
5.338976
-0.235132
-1.012347
0.106842
-0.001256
1.432721
1.727355
-0.340285
3.601400
-0.396725
-0.118774
0.075208
0.519845
0.515747
1.007819
0.927265
-0.865494
2.642445
0.153927
1.391454
-0.023454
-0.110374
0.413333
0.430567
-0.998221
-0.781715
0.134814
-0.478937
-0.533625
1.464546
1.271662
3.873951
1.474592
-0.913029
2.075838
2.101682
1.987247
5.929103
5.689649
3.831948
4.593076
3.947904
3.494453
4.510520
4.467199
6.281263
-11.091267
-4.930630
-3.685747
4.787979
-2.843752
-4.636677
-4.398464
-5.083603
-6.197938
-7.068039
-3.067178
-5.068076
6.571309
9.018082
5.217242
5.148108
4.825594
4.554556
6.354987
8.720658
10.272117
8.392698
8.780442
11.088920
9.017985
12.381821
9.686998
7.284964
7.951387
9.820004
11.596769
4.764775
5.502023
5.994564
4.793049
4.589693
1.949268
2.547327
1.853007
4.904168
7.765907
5.320816
4.672523
7.313354
4.937563
7.710679
5.019154
6.028599
2.492801
-0.772469
8.374634
1.955458
0.491718
-1.362188
-0.728301
-0.045123
1.036776
1.468554
0.230463
1.777715
-0.426639
0.009849
0.250939
0.967794
-1.025033
-0.650039
-0.525575
-2.250985
-1.543782
-1.321864
-3.287021
0.494050
-1.135824
-0.947451
-0.879010
-0.528297
-2.104216
-2.146392
-1.798180
-0.346237
-0.093605
-0.231820
0.017028
0.322375
0.601948
-1.417369
-1.268007
-0.923021
-0.700405
-1.943285
-1.922500
-1.698268
-1.802206
-1.769653
-2.162515
-2.889043
-1.136389
0.405125
-1.201878
1.216891
-0.760279
-0.798747
-0.677673
-0.584194
-0.398178
-0.597365
-0.774170
-3.060295
-3.004756
0.000000
0.000000
0.176180
-0.874435
3.870819
1.419901
3.008260
2.835847
3.306149
1.259092
1.307561
-1.334958
-0.735181
-0.664966
-2.290871
-0.471711
-0.251995
-2.266130
-2.022694
-2.166448
-1.828305
-1.616811
0.571073
-2.824606
0.884584
0.755143
0.915471
0.752546
-1.220018
-1.436038
-1.184777
-1.132245
-1.012909
-1.123252
-0.864136
-0.684049
-0.313171
-0.229348
-0.199559
-2.416736
-0.334847
-2.384694
-0.713732
-1.446141
-1.375123
-1.268533
-0.982065
-0.892038
-0.756040
-0.612333
-2.163785
-2.139842
-2.273734
-1.651369
-1.142581
-0.833248
-1.305195
-1.238422
-1.332838
-1.354029
-1.521816
-1.310698
-1.413709
-1.225247
-1.305721
-1.256890
-0.558312
-0.631707
-0.597249
0.609543
1.483005
0.736424
0.692401
0.649717
4.256426
0.795571
2.337301
2.533101
2.639534
2.926850
2.954794
-0.316837
-0.327192
-0.132176
0.100898
0.167576
0.434506
0.486139
0.472741
0.667860
0.942233
1.846294
2.212410
2.457400
0.227101
0.077509
2.129323
-0.073763
2.508174
8.610381
-2.656642
-1.382788
5.441524
-0.176224
1.001737
14.720669
0.000000
0.000000
0.000000
6.018703
-3.693949
-1.394537
2.073728
2.699430
2.445483
0.202602
0.466702
2.695169
2.216207
2.454780
2.565656
2.279792
-0.361789
-1.477993
-0.837141
-0.509582
-0.448788
-0.351751
-0.331579
0.417070
-0.830290
-0.616831
-0.444233
-0.619920
-0.588676
-2.642224
-0.475394
-0.567372
-0.579119
-2.228556
-2.094698
-1.987787
-0.107652
-2.438724
-2.297785
-2.361028
-0.594429
-1.510402
-1.015538
-1.304939
-1.012383
-0.941343
-1.540606
-0.128822
-0.723454
-2.396212
-0.035373
0.760430
0.623228
-1.285318
0.878017
-0.574331
2.318622
-3.352072
0.956962
-3.224605
-1.147715
0.580362
2.809918
2.985771
-1.062697
-0.432666
0.273214
0.629369
0.983098
-0.071913
-0.557744
0.277010
0.293642
-0.196601
0.486983
0.446504
1.914237
-0.518281
-0.409805
0.434896
1.954632
-1.024894
-1.149361
-0.901241
-0.692503
-1.273927
-1.311729
1.494525
0.931315
1.073228
-2.356272
1.117313
1.696072
4.110718
-1.171121
0.665387
0.152954
1.867139
0.529040
1.030349
2.936632
0.203373
1.018145
1.261339
1.344959
1.189685
1.866228
1.382975
6.251882
-0.615080
-4.840418
-4.733929
-1.306979
-2.699339
-4.100679
-1.825790
-2.698467
-2.036123
-5.301913
-5.897243
-4.027481
-2.912435
-3.157222
-3.406608
-3.103783
-5.105214
-4.862229
-3.135780
-7.150852
-8.486577
-7.822301
-5.400977
-8.678248
-9.992386
-7.966210
-9.111509
-7.796813
-9.592104
-7.655985
-8.677930
-8.227401
-6.844197
-7.324797
0.365739
-1.769883
-3.737707
-3.953571
-5.411277
-5.339452
-6.654609
-8.958688
-7.672788
-0.265879
-9.231686
-8.706490
-7.006070
2.019825
-0.765946
7.275971
1.097709
3.850415
3.707182
0.965374
6.183895
-4.272416
-2.522744
-4.507542
-3.654945
-3.492084
-3.435771
-3.627315
-7.805123
-5.187070
-6.645633
-6.188077
-4.771171
-5.650915
-2.700997
-3.138752
-3.831829
-6.996995
-3.334092
17.333195
8.854980
12.728769
6.271861
-6.524938
-3.064068
-7.277635
-4.282041
-4.541227
-3.958473
-3.849925
-3.252550
-2.736822
-3.727825
-4.732039
-2.128333
-2.223374
-3.194384
-7.631876
-7.636027
8.417822
7.637867
6.024630
5.135418
7.127456
2.466777
3.925127
0.686918
1.109747
-0.929324
4.837488
2.980870
3.467893
4.242052
4.083975
2.598918
1.684496
0.665900
1.030323
-0.527189
1.265692
-0.508182
1.994374
3.120754
2.243352
3.292221
2.155668
0.418717
0.668742
1.125546
1.886428
6.561557
5.108641
7.532774
4.628889
2.827093
7.864239
11.973201
7.798040
9.126626
9.273329
10.341108
10.941034
7.904754
4.605522
-8.420372
6.398576
10.141400
12.026521
0.698163
0.482983
0.819273
9.503107
-6.361043
-6.893883
-7.590793
-8.041618
-3.094128
-3.527824
-1.221994
-8.507547
-1.224296
-7.693734
-7.036803
-0.670110
-0.080180
-0.323979
-0.315843
0.560220
1.397193
1.861347
1.157104
2.276519
1.437220
1.144135
4.552184
4.812092
5.632814
3.306501
-0.042706
-8.282018
-8.494745
-7.794982
9.780542
-2.483238
-9.083192
-6.789852
-3.872372
-3.436164
-0.337482
-6.999800
-3.690904
-4.112197
-3.466950
-3.191780
-5.167327
-8.662727
-4.052808
-3.713193
-4.696079
-3.519086
-2.858567
-3.223046
-2.749285
-3.451999
-8.170375
8.801432
6.853899
5.573163
3.267969
3.508043
6.354500
4.296143
2.784556
0.946125
7.778516
6.371886
7.381635
4.893373
3.539755
4.213431
2.145158
5.697108
4.699611
5.374239
-0.549624
6.814943
5.057587
5.301942
3.351078
5.815211
4.938188
5.428379
4.646483
5.133560
6.174020
4.270861
19.361481
18.142550
17.840576
20.408596
20.941540
17.233245
19.775999
20.661555
20.140284
23.212087
12.255163
11.230715
11.818238
18.337608
18.135656
18.783188
19.138756
17.125463
18.183691
18.236815
16.277171
19.481825
13.264357
13.778970
17.023353
10.521699
-5.024492
-4.932143
-4.140564
-4.313785
-3.057908
-3.330862
9.292804
-5.081707
-4.165958
-3.711688
-3.820071
-3.740986
-5.106680
-4.472737
-4.251181
-4.269960
-3.668570
-2.962458
-2.851732
-2.824477
-3.053716
-3.417687
-3.416063
-5.462067
-4.187343
-4.790274
-4.227317
7.428893
10.754438
11.149137
8.827411
9.574996
10.211857
11.013941
12.170872
12.772008
13.160625
13.964718
-8.478509
-6.801553
-6.289295
-7.488561
-7.548724
13.344615
-2.937321
-6.469059
13.846653
14.356018
14.375350
12.649602
-6.970741
-8.821342
-8.158513
14.298213
-6.284224
-5.541311
-7.262025
-3.968362
-7.899525
-7.049630
16.015898
-3.116614
-2.602410
-6.210385
7.212644
9.620009
10.097699
10.872338
12.559791
13.201576
13.375544
14.350579
14.737684
14.422053
12.532829
12.882259
14.246923
11.238784
15.310967
13.432619
13.459213
14.240617
-8.176641
15.139501
13.396190
14.537201
10.970737
12.237954
11.943051
12.554243
13.442560
13.279487
13.714890
11.770953
12.349181
12.192136
12.553764
12.737564
13.253451
11.344794
8.439461
8.991940
16.485463
8.055480
32.769297
31.213637
12.391631
1.519438
5.349714
-0.976898
0.194927
0.644874
-1.173039
-1.358294
-1.727065
4.146131
-4.343684
-2.776888
-2.188929
-2.248075
-2.132792
-4.093901
-4.123760
-4.254211
-3.990562
-2.331097
-1.755522
-2.161461
-2.276361
-3.558198
-3.490544
-4.174663
9.025273
9.161421
11.258662
4.758767
4.227614
3.357341
1.995612
2.451841
0.749149
0.302994
1.793010
0.341737
0.356459
0.440669
2.828161
1.448364
5.263203
2.626279
4.701678
6.466112
4.996846
4.840043
9.252499
-0.377257
7.958269
6.322466
4.121791
4.330408
6.656437
6.669320
19.559999
21.798849
21.979418
17.841794
17.709567
6.987924
7.097939
7.517311
7.563900
8.138492
19.357938
16.577312
17.404467
16.385524
15.688656
14.496844
14.553284
15.082996
14.121217
14.339408
15.203386
14.989122
13.151877
16.052359
11.929182
13.539698
13.801106
-0.437485
7.346676
10.343086
3.392020
3.726206
1.328421
2.058757
2.725496
2.960098
9.280096
9.667296
9.811018
13.290224
10.998466
13.603478
10.476914
10.664581
11.408043
11.504849
9.400162
7.298095
4.384578
3.286681
2.730957
4.117018
0.980965
1.297916
1.214479
9.668906
10.599195
13.063982
12.865985
9.736407
10.162525
8.430496
11.147724
10.144394
8.459489
8.615219
11.070962
9.207056
11.035634
8.091808
3.076852
2.130387
6.878652
7.637377
5.226475
4.031208
13.854335
2.331408
6.183465
9.432640
9.434866
12.370309
10.422467
4.826681
7.869809
12.738706
0.989827
2.005070
2.581431
5.564496
4.683110
1.744361
0.622715
2.224000
4.360217
3.743574
4.301263
1.708644
1.593044
-0.031368
1.271952
6.339449
1.099225
2.458874
2.391929
5.425277
7.806951
5.854992
3.090138
3.747717
4.186577
3.249344
3.455143
3.798446
5.485230
5.633710
7.837192
5.899658
12.676590
13.100986
13.875844
12.957646
13.131313
12.855021
14.652960
13.093858
12.704534
12.585538
14.635025
14.416102
12.789160
12.351785
12.012410
12.712832
13.035850
14.211980
12.701554
13.248445
14.271003
11.572076
14.498301
14.700471
15.365336
15.411535
15.277990
15.593640
17.601936
20.359070
-1.002933
2.704735
16.302509
3.536169
8.858965
10.906214
10.499983
10.516115
15.143832
16.168535
16.682617
16.366340
13.545070
14.950123
12.829876
12.941998
10.468472
12.577226
11.048127
10.767632
10.450902
13.191349
12.188715
8.038573
9.242641
7.925418
8.102927
-3.092430
7.020033
-3.959018
-3.447531
-4.182894
-2.813378
0.137255
1.916894
4.161334
2.634854
4.761102
3.893030
7.172333
2.824393
3.061714
3.667889
5.311208
8.956894
-0.050337
1.663392
3.237404
4.016505
0.012356
-1.001375
8.616135
6.244853
10.296221
11.584795
10.461552
6.667256
6.316307
5.801725
0.468767
-0.546518
1.657768
-1.772609
-9.311719
-9.328102
-3.274226
0.775423
-9.223100
-3.493981
-10.366915
-10.431155
-5.161249
-3.778747
-12.409330
-12.493630
-5.822689
-7.608691
4.163095
3.137930
-0.363630
3.915754
-1.213408
-2.113290
-2.640671
0.225389
-0.350445
-1.980437
-2.967136
-1.825261
-2.753790
-3.468934
-0.991702
-2.393270
-1.844929
-1.613928
0.566432
-0.704460
-3.076862
-1.803429
-2.719218
-2.945552
-1.341118
-0.628267
-1.232807
-2.117815
-2.453873
-2.498772
0.985658
-0.641591
-0.986546
-0.925209
0.876436
-3.254598
-3.184048
-1.420042
-1.480188
-1.764661
-1.861935
-1.995122
-2.227200
-2.309789
-2.260856
-2.421830
-0.847165
-0.733886
-0.894214
-1.349364
-0.862682
-0.638094
-0.679327
-0.897953
-1.388115
-1.807082
-0.391115
-0.200846
1.520088
0.514420
-1.961390
-0.097776
-0.604591
-0.700786
-0.564595
-0.625945
1.522994
0.419969
0.530344
0.096815
3.056830
4.103923
3.881039
2.978439
2.834452
2.209780
3.425593
2.909720
-0.700382
1.241836
1.147520
0.902246
0.416614
-0.091998
-0.467967
-0.894406
1.014263
0.935201
0.895556
1.315992
1.458096
-0.048514
0.284245
0.215376
-1.502815
-1.469480
-1.332724
0.535813
-0.081322
0.273213
0.285477
0.150133
-0.207479
0.015780
-0.725973
-1.074118
-0.954415
-1.307433
-1.829705
-1.696400
-1.719196
-1.763747
-0.023876
-0.105521
-0.242868
-0.040438
0.006205
0.011406
0.235954
2.253621
-1.173573
-0.993205
-0.901536
-1.136183
-0.172733
-0.742768
-0.785752
-0.835459
0.836879
-1.923000
-1.511949
2.095124
-1.631325
-1.641347
-1.507279
-1.449898
0.568008
0.512424
0.201513
0.358409
0.348086
0.461347
0.478392
2.256290
2.048487
-0.384230
1.531827
0.503969
-0.667611
-0.109905
-0.339319
-0.758632
-1.071516
-1.185220
1.840985
1.273434
1.817218
1.693287
0.593472
2.633870
2.448818
2.244821
2.225071
2.320920
2.302885
2.132320
0.906099
3.764375
3.566365
3.282670
2.716515
-0.872183
-24.363664
0.000000
-0.726840
-1.237683
0.992515
0.277251
-0.019083
1.858552
1.324089
1.193369
1.031138
3.542073
3.502801
2.566694
1.722851
4.130479
0.520884
0.321241
0.427405
1.836080
1.527790
1.529097
-0.124378
-2.060378
-2.197709
-0.337384
0.173735
-8.896810
-1.122774
1.705602
-3.207511
8.189497
12.322662
-1.407212
-1.049511
-0.734885
-0.621850
-1.007218
-0.895931
6.460671
-2.493733
1.553726
1.484504
1.486937
1.328781
-0.703213
-0.769016
-0.571318
-0.752035
-0.555653
-0.294031
-0.049953
-0.514919
-0.225396
-0.156629
-0.333917
0.174285
0.339874
0.391659
0.587806
0.424189
0.230223
-1.234795
0.273578
0.154972
0.075010
2.236247
0.449221
1.960518
0.320535
-1.672520
0.514021
0.540753
3.278551
1.050542
1.169136
0.409450
0.962653
1.953012
16.472130
-4.445420
0.000000
1.030354
4.508165
5.116966
0.000000
0.000000
0.000000
5.577315
4.441825
3.362108
-1.949479
-5.849284
14.498938
13.535001
2.508723
0.000000
0.000000
0.000000
6.192148
2.970820
0.254551
3.050568
-6.061152
-3.092766
16.616239
15.756521
11.527833
14.810620
15.831297
19.733041
19.702355
-1.067543
-0.668911
0.662287
0.093816
0.055335
-0.302055
-1.580702
-1.322084
-1.181492
1.759915
2.720457
4.531619
3.781335
2.417889
2.501961
4.625936
4.355793
0.698866
0.638895
1.939058
1.867103
1.735180
1.584371
2.023411
2.429929
2.370256
-0.888670
-2.761251
-2.533536
-4.118390
5.013519
0.362224
-6.202139
13.229207
16.703421
17.684386
19.762988
19.210165
19.942085
22.756029
-0.746870
-0.349163
-0.166770
0.311632
0.308856
-0.423263
0.216167
-1.964502
-0.465273
-0.397782
0.087380
0.054224
0.090506
-0.020982
-2.059792
-1.863493
-1.701904
-1.444518
-1.345540
0.358644
-1.138798
-1.591899
-0.628175
3.968311
0.252194
-0.146179
3.350275
3.156668
-0.437535
3.341821
3.521667
5.452455
2.884484
0.850448
0.803877
0.481152
0.879569
2.554293
1.627016
1.274061
2.847032
0.184478
2.519072
2.367917
2.571727
2.375241
2.504399
2.820678
-0.432282
3.305046
5.816205
0.558501
6.744901
1.726673
3.869590
-0.696578
13.054663
31.228816
1.084447
-2.163330
29.514094
34.114476
-0.049365
32.110136
31.873019
-1.970298
-0.487291
-3.655112
-3.319508
-2.296303
6.963572
3.057819
5.938989
2.765863
4.368107
10.090185
2.601205
4.859914
3.800831
4.280166
4.636993
34.110873
31.292843
32.572142
29.865405
-5.099056
5.956580
6.993975
8.031398
21.686677
21.286073
20.514346
21.894053
18.206861
16.735624
5.633741
6.904902
6.535712
-0.270965
1.091033
-1.103423
2.734021
1.097164
-12.669946
-12.226479
-14.333199
-16.997888
-18.182494
-17.466760
-18.583650
-22.128629
0.092274
-0.281025
-3.639325
-3.211747
1.527595
2.941300
2.539671
5.045588
4.014834
3.150736
17.916284
6.305596
20.069235
22.888155
21.017148
21.008763
22.114275
23.888133
24.370883
25.176579
-9.456536
-4.480353
-6.664815
-5.615512
-4.218723
-6.626568
16.437545
14.657395
14.936941
17.036109
17.713513
16.628458
21.013984
19.185839
20.525522
21.337089
22.998628
23.261119
24.197967
23.857171
17.514251
9.685025
8.569551
9.650173
10.439131
8.501323
10.452571
8.914977
8.771609
10.228670
10.622842
6.181230
6.017050
4.957456
6.471448
5.124560
6.512314
10.293665
8.053881
8.453202
10.842572
10.745023
10.935471
10.354336
9.537481
12.156591
9.974662
9.291633
10.785219
14.063275
6.623330
8.200081
6.842027
7.184053
7.569311
5.680292
5.729268
5.431960
5.216992
5.223284
4.828111
4.640498
4.441955
4.455263
5.787239
5.556945
4.818164
4.483598
4.436526
2.741080
2.766184
4.550771
5.449397
6.100392
5.062941
6.667162
5.442198
4.780352
2.784406
4.342825
2.348303
3.806930
2.441616
2.238158
1.867907
3.554897
2.735003
-0.346082
-3.377774
-1.125384
-0.505996
-4.003719
-3.572372
-0.061425
4.197254
2.389229
6.385983
4.178907
3.076501
5.190943
2.540110
2.184538
1.483173
-0.483988
0.386890
0.261497
1.588798
1.633366
-0.469049
-0.443362
-0.420686
-0.197866
-0.148881
3.343647
1.098861
1.071828
0.393577
0.297931
0.336758
3.547581
2.906961
2.823063
2.552408
2.582214
0.585191
0.909268
0.788399
4.316536
4.443957
4.538508
4.617139
4.902138
5.019538
4.887855
1.652201
1.995076
-0.176363
0.222126
0.878554
1.337203
2.262283
3.784681
3.461204
3.643902
3.600983
3.351518
2.870205
2.130667
0.470840
21.073578
2.490291
4.131902
3.538463
6.241514
6.028316
5.734389
5.455111
5.398800
5.221047
5.208587
3.051808
4.862657
4.630552
4.364715
4.276627
4.380042
3.986215
7.211673
7.149404
7.016100
7.086620
6.864662
6.545199
5.868864
7.315603
5.068629
4.844303
4.626818
6.395054
5.730328
5.587814
5.355101
5.334587
4.933726
4.583830
4.360094
4.252013
4.042735
4.079611
4.177847
4.236403
4.037770
4.076863
4.088251
3.956273
4.237511
7.332579
6.944304
9.044743
6.800105
6.711421
8.770573
8.550353
8.638439
6.182308
8.301340
8.067972
8.054851
8.010075
7.671277
5.301445
7.175565
7.044369
7.094280
6.943674
6.843389
6.713876
6.828193
6.662285
6.700944
6.622614
6.520777
6.563400
6.363359
6.173240
6.196179
6.121350
5.385589
7.100619
7.280276
4.528910
4.509472
4.798077
4.834664
-4.029108
-3.202617
-3.388103
-3.372496
-1.392356
-1.669113
-1.822896
-1.172418
-2.234269
-1.086503
28.179020
4.736282
5.287093
7.485495
5.808779
5.898491
7.967982
6.810502
3.548913
5.272692
5.512645
4.542377
4.363548
2.013225
1.453869
3.982930
1.167980
0.746934
5.337552
1.892598
0.838407
0.532906
0.185491
0.156475
0.062584
1.142049
0.065488
-0.183268
4.980208
6.110467
5.187689
4.777952
4.523092
4.736786
6.822564
6.856912
1.054860
1.083264
0.791634
0.607632
0.287761
0.215569
1.867600
1.752987
1.057422
0.589195
0.416726
0.295608
2.277622
0.371443
5.520349
5.274636
5.208239
5.018974
4.608792
4.129298
4.424777
4.395960
3.069116
5.257436
5.647793
5.577723
2.777933
2.700643
2.517004
1.989602
1.964564
4.960088
4.867493
1.957421
0.870935
4.497207
3.660420
1.667653
2.224193
5.537103
5.384938
0.530887
2.597371
2.019136
2.126256
1.324022
6.846907
6.964738
4.547602
6.840442
6.671819
6.677528
6.215752
5.934180
5.627434
5.219619
4.953481
4.666612
4.457819
1.966532
3.580484
3.479900
3.267396
3.323898
0.870942
0.572913
2.802388
0.498614
2.570632
0.008289
2.533391
0.695510
-0.348900
-2.971855
-1.775312
-3.334160
-2.074205
-2.583838
-0.547751
-0.529981
-2.537243
-3.553793
-0.779109
-0.161758
-0.556059
-0.418348
-0.474308
-0.540789
-0.607032
-0.717749
-0.732699
-0.698574
-0.943381
1.035425
-1.085827
0.601172
0.792049
0.343024
3.600914
4.048994
4.195740
4.158183
3.882881
4.103566
3.836772
3.875053
3.876129
5.941400
3.464081
5.381906
2.991032
4.825615
4.547189
4.362810
4.201034
1.551728
1.693470
1.714296
1.845377
1.707492
5.160106
5.145681
4.942026
4.873351
4.602100
0.720572
6.442709
0.565768
4.014034
6.256146
5.709896
5.510895
5.530957
5.505210
5.548510
5.419657
5.355312
5.193920
4.997700
4.803212
4.549466
4.663768
7.686398
2.001097
7.392637
9.832309
7.465644
7.286327
7.384469
7.353669
7.391845
7.202029
7.005969
6.898073
6.733136
6.518163
6.509706
6.418277
6.243186
6.053656
5.819043
5.442021
5.562733
5.183473
5.219230
7.163693
7.089844
7.078036
6.845832
2.558918
6.602431
6.515578
6.258128
3.887841
5.567548
5.647482
5.177307
4.993896
4.901615
4.377286
4.221137
4.218600
4.202902
4.036751
4.162083
3.920070
6.638324
1.302054
1.100587
3.125697
2.921298
6.214158
6.350124
6.072659
5.901426
5.645124
5.886010
5.887059
5.479956
2.054014
5.565068
5.396850
5.422987
5.279532
5.240292
5.130872
5.124712
4.786271
4.618061
4.442806
4.490235
4.468881
4.459078
4.279420
4.263168
4.234966
4.141564
4.279090
4.198113
4.286632
3.984152
4.134109
4.061280
3.943699
3.892657
1.728069
1.795613
1.711936
1.475997
1.283784
1.132023
1.106032
1.182808
1.178365
1.344155
0.821725
0.743632
3.369195
3.789510
4.317148
9.447108
8.109617
8.259630
8.678076
3.220565
3.231268
3.146426
-4.319588
-4.123827
-4.011412
-4.136598
6.442723
2.334835
5.744721
5.494390
5.431329
5.339204
5.114335
5.265067
5.154460
6.398734
6.204803
5.822856
5.589389
5.417197
5.121671
5.151532
5.075830
5.112366
6.922420
4.785454
4.110883
5.673300
5.439350
7.601614
7.232185
7.399969
7.071898
6.737547
7.921372
7.411047
6.770005
6.867133
2.433466
2.166447
4.048064
3.827527
3.661836
14.549162
9.352964
9.000276
5.226073
7.438120
7.223213
8.157252
8.095359
8.045946
9.686590
9.462096
9.268646
6.275833
7.360910
7.934398
7.756223
7.465227
8.252821
8.064622
7.980565
8.721040
5.638139
3.514114
4.026032
1.312365
1.814419
0.929855
-1.601276
-1.611872
-5.076383
-3.570781
-2.222354
-2.284707
-5.280378
-8.730146
-12.406964
-18.769151
-25.183793
-30.244035
-36.999548
-38.940093
-39.328114
-40.591824
-32.402565
-13.516205
7.999269
2.194014
-0.454365
13.072382
23.947957
23.737300
26.078652
-2.065354
-4.244673
-2.432850
0.301332
2.175847
3.747127
1.381973
-0.911246
-1.450655
0.509152
-1.201550
-1.766723
-1.809756
-0.844611
-2.097848
-0.718864
0.260705
-0.692885
1.497026
3.517453
6.389697
10.074531
14.545517
21.219170
19.748861
-2.039358
0.580613
-2.459893
-1.784118
3.754706
-1.937545
-1.922471
-2.005362
0.483548
1.928250
3.009117
4.502978
4.497418
0.202782
0.000000
0.000000
-4.899411
-5.596661
-6.915857
-8.886072
1.987411
-0.430677
0.398161
0.558769
0.258702
-0.148311
2.499029
-5.326155
-0.535762
0.000000
0.000000
0.000000
0.000000
0.000000
0.000000
0.000000
0.000000
0.000000
0.000000
0.000000
0.000000
0.000000
0.000000
0.000000
0.000000
0.000000
0.000000
0.000000
0.000000
0.000000
0.000000
0.000000
0.000000
0.000000
-4.387812
-3.569506
-7.976609
2.606830
-1.218919
-2.409508
-1.425964
-6.354075
-10.088288
0.000000
0.768079
5.085752
0.000000
0.000000
-3.720448
0.923021
-6.451378
4.392339
0.000000
0.000000
-3.398897
-1.831172
-5.167150
-6.285822
-4.654007
-4.881897
-5.388273
-4.903985
-9.339722
8.905589
3.558623
-0.037847
0.891394
0.880848
1.492477
1.063467
1.259279
-1.143354
-0.098310
-0.691843
1.478467
1.204355
-1.234373
-1.358302
-0.124424
-0.294715
-2.320295
0.734417
-0.086933
0.857260
-0.248444
-0.839310
-1.953546
-0.260359
-0.718035
-1.834542
-2.493781
0.495373
-2.093130
-1.845091
0.595364
-1.096157
-1.395683
0.966758
0.411069
-0.164777
-0.561848
-0.960373
1.665774
0.955511
0.970714
0.011041
-0.359002
-0.939307
-2.085934
1.038644
0.343317
-0.081402
-0.178575
-0.176463
-0.211124
-0.220805
-0.593480
-2.056146
1.195651
1.195921
0.666235
0.761956
0.571394
0.376007
-0.037747
-0.167678
-0.386163
-1.073246
-1.679681
1.402528
1.035327
0.380389
0.195233
3.421659
-0.676213
-0.804164
-0.654490
-0.722778
2.483346
-1.038160
-0.821062
-1.253692
0.047308
-0.024912
-0.362644
-0.899980
-1.398115
-1.666471
-1.823386
-2.338951
0.934246
0.106533
-0.681339
-1.202054
-1.386635
-1.618999
-1.931232
1.422307
0.652794
0.317435
-0.072993
-1.074352
0.677477
0.217738
-0.135925
-0.108773
-0.425607
-0.997027
-1.446279
-1.514013
-1.544680
-0.226677
1.190851
0.888518
-1.894865
-0.894333
-0.893491
-1.251263
2.452442
2.141269
1.756731
1.499923
-1.022465
-1.234605
0.681426
0.320484
0.235439
-2.025260
-0.413086
-0.498833
-0.674757
-1.090050
0.466290
-0.597726
-0.804192
-1.159848
2.503557
2.240085
0.054398
2.195853
-0.230749
-0.565605
-0.615202
3.207246
2.972298
2.733642
2.739164
2.776221
2.856172
2.552607
2.764920
2.522519
2.579832
2.417383
1.904127
1.957423
2.080578
1.974018
1.997156
5.559820
3.274281
5.060029
4.864473
4.604936
4.583947
1.938970
1.780156
1.508624
1.558643
5.120969
5.059840
5.094939
4.988245
1.326923
4.858609
4.643778
4.424617
4.459654
4.541872
4.597010
4.722949
3.291101
3.259724
2.884593
3.231969
1.374964
3.814193
3.889805
4.184121
3.947550
1.516077
0.981854
0.842999
0.313899
0.041606
-0.221676
3.120300
3.197558
-0.145012
3.220233
3.143985
3.286386
3.160854
2.408145
3.011847
2.774286
0.541557
0.546561
0.634372
4.337163
4.021049
1.846325
4.196479
2.133254
2.037084
2.314615
3.582582
3.854626
3.993917
0.427971
0.464932
0.388102
0.392607
0.314978
4.370190
0.559314
0.520594
4.468445
0.998565
1.095911
1.243534
-0.239120
-0.360465
2.760962
1.912569
-0.153111
-0.789110
0.986009
0.634210
0.268641
-0.299408
0.713313
-0.005306
-0.104496
-1.637042
0.269651
-1.445284
3.046069
2.661432
2.382744
2.378174
3.302345
1.314116
3.269400
0.623727
-0.188583
1.480530
1.990919
2.135885
2.202743
1.754450
4.198124
2.853252
3.073390
3.170722
2.985386
4.907123
4.251910
4.048601
1.492280
1.395806
1.325147
4.264371
2.722386
2.907830
2.920472
3.152128
0.558785
0.534702
2.954918
1.881104
4.255056
0.096691
1.772818
3.079297
0.428956
1.589733
1.195329
2.134627
4.456218
3.730669
3.055056
3.254424
0.177575
1.475922
0.176082
2.176319
2.023308
3.655208
1.485549
3.343729
1.837309
-0.725661
1.466109
1.832075
0.723597
1.008010
0.870730
-0.404062
-0.139461
2.359750
1.621896
-0.688908
2.524859
0.227794
-0.315123
-0.410008
0.137908
-0.045737
0.098019
0.117781
-0.560368
-0.102510
1.830585
-1.358193
3.465306
0.264555
0.182038
5.288295
0.258417
0.002894
2.779367
3.008700
1.056261
3.120004
2.676934
0.614424
1.021418
3.287383
1.200966
1.335950
1.573843
1.893187
3.865107
1.175479
3.778373
0.867847
3.321086
8.631700
7.963501
7.344787
-0.954613
-3.204889
-2.792081
-2.656655
-3.178231
-2.904842
-3.753773
-4.145101
-2.264752
-3.543550
-5.935682
-3.727667
-4.252098
-3.541849
-3.735348
19.218440
16.810872
19.139123
18.249975
10.304860
0.689136
0.965267
2.088597
0.537143
0.160279
3.294458
-0.116183
-0.978616
0.171547
-1.108589
0.970489
-1.123273
-0.758625
3.953953
4.006109
3.489846
5.670767
3.286686
6.453337
0.010499
1.320826
1.047466
1.405700
1.833526
3.258251
5.350343
3.949582
4.958397
7.255327
5.660210
5.215083
3.399213
4.622623
4.901747
1.713669
0.298951
3.418202
1.961493
4.057213
2.278174
1.119492
2.399443
2.519435
1.161677
1.426733
2.089732
0.403109
0.224381
4.388043
2.994067
3.130710
5.043980
3.125388
1.812093
5.003344
2.980578
3.000401
5.089193
3.537957
3.343903
4.389354
4.551751
4.183216
5.145528
5.092028
3.900376
3.601623
4.430597
1.646629
1.673978
2.190045
0.921253
0.898396
4.395462
3.236191
2.268271
2.741354
-1.176613
4.418490
2.088166
4.618069
-1.166443
2.728102
3.550728
0.961646
2.699222
2.584930
4.804264
5.072511
0.001687
0.717791
4.007846
-0.167815
-1.371660
-1.102953
-0.730458
-0.372748
0.490731
-1.365355
-1.469999
0.061954
-0.332747
-0.795587
2.802881
1.469115
0.948033
1.719094
2.178912
3.953370
4.386084
1.223107
3.516831
5.068181
18.474710
7.643712
4.906940
-1.462366
3.720547
1.604402
-0.182386
2.358781
4.807101
3.502824
3.769385
6.783681
6.578491
1.497760
0.964703
3.084982
1.329597
2.367860
1.376206
0.071127
0.657736
0.797037
1.593734
1.657600
1.832755
2.295858
6.261860
6.678070
4.800056
5.034291
5.391845
3.330394
5.797819
6.199500
1.790427
1.850685
2.003923
4.398445
3.087434
3.609676
1.650546
-0.205236
1.994281
3.478610
3.667717
4.111371
3.997253
3.996115
4.215256
4.102621
5.851319
5.997240
1.968954
2.304383
2.496890
0.525054
4.936287
5.072200
8.242041
-1.675203
-1.449658
-1.541405
4.021719
-1.057243
-2.448798
-2.373781
-2.290988
-0.343749
8.266872
6.628853
4.129878
4.021612
4.172252
13.152758
7.099850
-2.161000
-1.669042
-1.743917
-1.599950
-1.365510
-1.167741
-1.146384
-2.572728
-2.613150
-2.464831
-1.927294
7.296154
-1.896051
-1.529186
-2.001794
-2.063961
14.265619
-1.864538
-1.573737
-1.952364
-1.730959
-1.893221
-1.837612
-3.121084
-0.036691
-2.930611
-3.006933
-0.294601
14.807225
-0.672571
-2.320475
-2.374606
-2.153641
17.734448
-0.297119
-0.388964
-0.307780
-2.072694
-0.444693
-1.908654
-1.480580
5.386477
2.566168
3.186906
1.288282
1.074062
1.398040
-0.467540
1.618361
1.761688
2.131533
0.990791
0.857930
-0.813626
0.858556
1.141998
3.583903
3.499410
14.859600
4.803647
0.655415
0.875479
3.610542
4.397255
4.090907
6.020676
8.175456
7.430100
7.616522
3.194949
1.295907
-0.968972
-0.801197
1.504228
-2.100930
-0.840539
-0.530244
-1.129786
7.308791
0.239107
-1.762951
7.539983
7.259560
12.964376
15.052978
15.346912
18.796316
17.317294
13.239544
13.188580
16.755118
16.963561
13.029745
14.858282
18.358465
17.990098
18.245277
16.845911
19.033479
-2.001187
-1.994185
-2.985627
-1.280893
17.661648
-1.857140
-1.864971
-1.811338
-1.557217
-1.710993
-2.809882
-2.733566
-1.373270
18.556685
-2.559335
-2.566982
-0.696635
-0.268230
-1.229724
-1.451852
1.130749
0.626415
-1.034025
0.797306
0.552583
0.760802
0.749409
0.669335
0.582926
0.768760
0.406966
0.673124
0.928100
0.684943
0.990455
-0.868419
-0.698392
-0.555230
-0.367870
-0.052002
0.078483
-1.308521
-1.203385
-0.640763
14.135105
15.566320
12.667620
-0.827668
14.458844
8.354909
19.222438
17.701581
19.371493
20.050130
19.949535
20.043760
20.057083
20.376876
21.058419
20.892124
20.956062
17.798191
19.343880
19.489706
18.947722
19.627029
19.522142
19.771095
19.946157
20.245697
20.519848
20.159189
20.578640
20.258085
20.290915
23.490800
23.333599
23.155746
23.425716
24.067500
9.280967
7.388923
7.490763
5.305183
6.994037
6.532956
4.700914
8.670538
3.871984
4.284836
6.183988
1.809538
3.134483
4.257933
3.983138
4.062882
6.163219
6.145947
2.316669
4.561074
5.005735
2.906601
1.067186
4.067325
4.284660
5.071842
4.917063
5.255284
5.695334
5.981191
7.927061
6.016783
6.060552
6.552446
6.919948
7.328802
3.831489
5.831989
4.187976
9.963459
8.126681
9.668298
9.000631
16.344282
19.132549
16.642877
13.817562
14.493058
10.139407
10.322771
4.230819
3.171948
3.747183
0.321834
-3.815430
0.719887
0.740597
4.128645
1.122592
-4.078437
0.166386
-0.174881
-2.576842
13.337179
12.596397
9.125894
7.874972
7.878254
-7.405562
-9.048791
10.794957
-8.883435
1.651282
9.866108
2.664382
-6.993971
7.509199
-7.691266
11.062463
14.529423
-1.545840
0.036789
0.040692
-2.156716
-2.867091
-2.021233
-4.512184
-5.116776
-4.791132
-5.983772
-9.059741
8.675669
6.963396
11.697020
-10.412705
-1.362455
4.113426
-1.934537
-1.265967
-5.286241
-3.670706
-3.510909
-6.698100
4.620962
2.620085
2.147878
-10.717445
2.154710
0.302302
1.482493
-10.964288
-3.219372
-5.368425
-2.539008
1.849067
3.986187
4.520830
4.214894
0.000000
0.000000
0.000000
7.783544
-0.429196
0.000000
0.000000
0.000000
-30.364159
-3.310713
3.864235
0.979977
-0.947665
-0.944853
-0.512152
14.636632
15.982459
18.099755
18.498802
22.357860
18.792800
18.934837
17.652444
19.888703
19.123190
15.511919
19.299341
7.447823
8.466102
8.365573
5.781397
6.299265
6.299393
3.888398
3.769795
0.471956
0.506071
0.943977
1.238094
1.073062
1.290541
1.444418
1.517193
1.731967
11.438174
2.700902
2.735912
2.549404
23.144912
0.602172
9.188683
9.049441
9.017189
8.724354
11.586530
8.166893
-0.543723
-0.961177
1.111519
-0.694448
1.450787
1.008185
6.870750
3.073841
0.000000
0.000000
0.000000
0.000000
0.000000
0.000000
0.000000
0.000000
0.000000
0.000000
0.000000
0.000000
2.026202
1.671246
0.411949
1.345858
1.588669
2.209188
1.153631
1.733946
-1.636224
8.301458
5.427905
9.647711
9.646408
9.653930
-4.306461
-2.004569
-2.988609
-3.085618
-1.798513
-1.470287
-2.232917
-1.868210
-1.668956
-1.578030
-1.014385
-1.600737
12.105844
11.830782
-1.679997
-2.463479
-2.797523
0.446419
1.512969
5.118639
-13.844133
0.000000
0.000000
0.000000
0.000000
3.228887
3.840104
0.478839
0.471624
3.843884
2.699446
2.637627
2.264866
1.418116
0.942260
-1.233791
1.927600
-0.043422
1.641753
-0.110624
1.182783
-1.416747
-1.593220
0.375244
-0.423197
-0.081294
-1.141644
-3.280906
-2.825696
-1.178346
-2.381346
-2.445379
-2.744725
0.030217
1.646045
7.051143
0.000000
0.000000
0.000000
0.000000
0.000000
0.000000
0.000000
0.000000
0.000000
-6.513951
3.648517
2.383961
-1.359081
4.745776
-0.010328
17.822303
14.333849
17.515770
14.701707
17.745843
17.679471
16.879962
17.310847
17.590745
17.720034
17.776436
17.399919
16.512029
18.251204
18.990647
18.689981
17.531959
16.158289
16.192274
15.951021
16.272927
-0.191423
-5.292019
16.462232
14.192863
14.674625
14.429008
16.680140
17.357569
-3.742267
-3.919450
-3.138094
-1.701556
-1.535777
-2.047899
-1.409150
-1.742440
-1.593588
-1.594624
-2.273228
-1.864301
-1.520688
-1.940603
-2.014108
-1.567684
-3.644450
-1.237506
-1.135303
-0.933911
-1.542543
-1.088199
-0.851169
-0.374265
-0.260120
-0.699284
-2.636854
-4.514708
-0.760858
-1.145759
-0.819019
-1.062930
-1.149695
-0.784545
12.697899
18.060431
9.021496
7.351744
15.635766
14.613332
14.427577
14.590182
14.750032
17.226899
15.781138
17.616937
12.694943
17.860916
17.177114
17.159805
-4.178130
6.088288
0.000000
0.000000
0.000000
0.000000
0.000000
0.000000
0.000000
-0.118520
7.563721
4.130581
1.997603
1.799424
-3.137370
26.904753
-2.657324
-4.137279
2.489148
0.000000
0.000000
0.000000
0.000000
-8.850327
3.053460
-2.858164
-4.163070
19.349252
14.881946
19.663520
19.808885
19.624114
19.493899
19.479753
18.955131
18.961166
-1.381470
-0.051312
-0.721694
-0.379427
-0.749596
-0.914801
-1.592703
-1.714688
8.269753
7.497905
11.217016
11.637018
-1.082138
-0.118149
7.521574
2.194205
6.062905
6.261379
4.029745
-3.843731
-5.653445
10.272891
-3.121545
9.808494
30.163705
29.359419
30.716062
30.278352
29.903432
24.593788
24.245247
22.726440
21.124208
23.249895
23.009364
21.847755
21.814273
21.122068
21.621661
20.042454
19.302408
19.697527
20.038927
21.615500
19.048462
-5.627515
-6.161841
-6.624888
-6.007623
-6.208103
-6.293477
-6.063782
-7.073937
-7.127389
-2.348402
-1.995285
-7.693118
13.854652
14.157622
14.435884
14.354266
15.769440
16.913433
17.019412
15.680188
20.105058
13.558983
15.586638
15.476297
15.202054
13.384454
14.106756
14.065962
14.621608
13.895569
19.064403
18.312946
14.983070
15.838803
-3.504845
-2.713942
-0.034631
-2.921018
-4.771939
-5.680805
-5.090365
-3.609797
-5.418940
-5.033075
-3.686107
1.077444
-2.118554
9.157652
7.490185
8.486564
-0.298754
-3.999320
0.686713
-2.037386
3.324227
1.294165
1.260161
3.677093
0.856284
-0.725198
4.396775
0.517126
1.060390
4.564980
0.874518
0.849646
0.069519
-3.053197
-1.624318
-8.334600
-5.058821
-4.775143
-5.715662
-4.710930
3.175099
3.939726
5.670577
-6.301375
1.784791
-4.918683
-10.326465
-34.583405
-6.482910
-4.620970
-3.405023
1.038947
-2.942060
-1.629405
-2.709183
1.990757
2.376947
0.599498
1.543028
0.721774
0.500479
0.752348
0.446368
4.843653
5.718638
4.169521
5.511572
3.746688
4.866801
0.701943
5.291087
-0.511411
0.946431
-1.956318
0.651756
-1.909117
1.538451
-2.102979
-1.142791
2.181062
-1.211806
-0.769949
-0.521263
-1.557253
-2.082269
-1.973902
4.634293
2.147728
2.107378
3.640163
0.656867
2.953275
-2.357436
1.635215
2.355910
-2.912359
-2.815014
3.865129
3.985079
-0.028158
5.305640
2.646981
1.018817
4.443798
-2.038579
-3.867505
0.000000
2.990376
0.000000
0.000000
0.000000
0.000000
0.000000
0.546570
-5.295951
-1.126935
4.076207
-6.706547
-4.943438
3.840113
1.130639
0.000000
0.000000
0.000000
0.000000
0.630157
-1.324073
-5.002988
0.864216
-4.147767
6.517734
2.611690
6.275721
2.478800
4.425371
2.041969
3.116617
0.872485
2.618956
1.480270
1.675125
2.061768
1.664367
0.083620
2.242280
2.389960
1.754697
1.142337
2.681738
1.423555
4.410300
-5.741957
0.000000
0.000000
0.000000
0.000000
0.000000
0.000000
0.000000
0.000000
0.000000
0.000000
0.000000
0.000000
0.000000
0.000000
0.000000
0.000000
0.000000
0.000000
0.000000
0.000000
0.000000
0.000000
0.000000
0.000000
0.000000
0.000000
0.000000
0.000000
0.000000
0.000000
